2 0.38828125 0.303125 0.02265625 0.04921875
2 0.53515625 0.3859375 0.025 0.04296875
2 0.42734375 0.4296875 0.01953125 0.03203125
2 0.50703125 0.46328125 0.0171875 0.02265625
2 0.43671875 0.4703125 0.01328125 0.01875
2 0.496875 0.4859375 0.01484375 0.02109375
2 0.44609375 0.4984375 0.01640625 0.0171875
2 0.48984375 0.50390625 0.01328125 0.01875
0 0.25546875 0.3125 0.0328125 0.04609375
0 0.203125 0.31171875 0.065625 0.10234375
0 0.26015625 0.41171875 0.02734375 0.0828125
0 0.946875 0.4703125 0.10625 0.05546875
0 0.94609375 0.5125 0.05390625 0.02890625
0 0.71484375 0.49375 0.0578125 0.04453125
0 0.7671875 0.421875 0.06015625 0.05390625
0 0.60234375 0.3375 0.0265625 0.10859375