2 0.01796875 0.625 0.0125 0.025
2 0.10390625 0.64140625 0.01171875 0.02109375
2 0.12421875 0.64140625 0.01328125 0.01875
2 0.2390625 0.628125 0.0140625 0.01953125
2 0.2546875 0.63046875 0.01640625 0.02109375
2 0.48046875 0.57890625 0.0203125 0.0296875
2 0.57578125 0.6515625 0.01953125 0.021875
2 0.6921875 0.66015625 0.01640625 0.0234375
2 0.7046875 0.659375 0.01875 0.021875
2 0.94140625 0.60234375 0.01015625 0.01953125
2 0.95703125 0.60234375 0.0140625 0.021875
2 0.83359375 0.58984375 0.01640625 0.01484375
2 0.8 0.59765625 0.0140625 0.01484375
2 0.7546875 0.59296875 0.01171875 0.0171875
2 0.73828125 0.5875 0.01640625 0.01875
2 0.6734375 0.5875 0.0109375 0.0109375
2 0.2765625 0.63046875 0.0125 0.02578125
0 0.6125 0.334375 0.025 0.04453125
0 0.92109375 0.75546875 0.10390625 0.06640625