0 0.44296875 0.29609375 0.07890625 0.31875
0 0.26328125 0.51171875 0.23359375 0.134375
1 0.36484375 0.74921875 0.0125 0.03203125
1 0.2625 0.69140625 0.03046875 0.04453125
0 0.5125 0.446875 0.02890625 0.13828125
0 0.5265625 0.5734375 0.03359375 0.1546875
0 0.51484375 0.66328125 0.02265625 0.075
0 0.51484375 0.69765625 0.03125 0.03984375
0 0.4921875 0.68125 0.01953125 0.0546875
0 0.4515625 0.62734375 0.02109375 0.0296875
0 0.57734375 0.53671875 0.0390625 0.19609375
0 0.67265625 0.46875 0.0375 0.20859375
0 0.65390625 0.63671875 0.04921875 0.08984375
0 0.5984375 0.66484375 0.04453125 0.06796875
0 0.73359375 0.6015625 0.10546875 0.06015625
0 0.78203125 0.4671875 0.05703125 0.11953125
0 0.85390625 0.56328125 0.05703125 0.09375
0 0.97421875 0.51875 0.0515625 0.10703125
1 0.85234375 0.690625 0.01328125 0.01875
1 0.8671875 0.68984375 0.0125 0.01484375
1 0.90546875 0.7171875 0.01953125 0.021875
1 0.64375 0.796875 0.01640625 0.02578125
1 0.53046875 0.74609375 0.0171875 0.02578125
1 0.984375 0.71953125 0.01875 0.03359375