0 0.109375 0.465625 0.14921875 0.1953125
0 0.1125 0.65078125 0.134375 0.16640625
0 0.34296875 0.2328125 0.1203125 0.465625
0 0.49765625 0.0859375 0.09140625 0.17109375
0 0.58671875 0.31640625 0.07890625 0.63203125
0 0.5 0.546875 0.0921875 0.48125
0 0.5984375 0.73984375 0.059375 0.20625
0 0.6 0.87890625 0.075 0.06953125
0 0.55546875 0.79296875 0.05078125 0.11875
0 0.42421875 0.7171875 0.06953125 0.12109375
0 0.3390625 0.68046875 0.09609375 0.1734375
0 0.29375 0.725 0.10078125 0.14453125
0 0.2328125 0.58828125 0.09296875 0.12578125
0 0.50078125 0.871875 0.07890625 0.08984375
0 0.76171875 0.2609375 0.04296875 0.12265625
0 0.75546875 0.509375 0.08203125 0.375
0 0.7734375 0.7703125 0.07421875 0.09921875
0 0.8265625 0.72890625 0.0546875 0.190625
0 0.890625 0.73984375 0.04609375 0.359375
0 0.91171875 0.55390625 0.0359375 0.1453125
0 0.9078125 0.68125 0.0421875 0.12890625
0 0.909375 0.81875 0.02890625 0.12109375
0 0.971875 0.74765625 0.025 0.0734375
0 0.97265625 0.6234375 0.0203125 0.13359375
0 0.9859375 0.8 0.009375 0.18125
0 0.9703125 0.84140625 0.021875 0.10703125
0 0.93828125 0.75234375 0.02578125 0.053125
1 0.4046875 0.79921875 0.1109375 0.04609375