2 0.63046875 0.24609375 0.06328125 0.1203125
2 0.4578125 0.38515625 0.0390625 0.04921875
2 0.40078125 0.428125 0.02578125 0.04921875
2 0.37265625 0.4609375 0.028125 0.04296875
2 0.3578125 0.47734375 0.01328125 0.03046875
2 0.3421875 0.48203125 0.02109375 0.02421875
1 0.54453125 0.57265625 0.0140625 0.03984375
1 0.4515625 0.56328125 0.021875 0.05234375
1 0.3734375 0.5484375 0.02890625 0.0390625
1 0.403125 0.55703125 0.0171875 0.0453125
1 0.715625 0.54140625 0.021875 0.05234375
1 0.98984375 0.5578125 0.0203125 0.0375
1 0.85390625 0.5453125 0.26015625 0.0390625
1 0.1484375 0.54453125 0.24609375 0.05078125