0 0.9625 0.32578125 0.075 0.24453125
0 0.8515625 0.309375 0.05703125 0.08125
0 0.8328125 0.378125 0.0859375 0.18828125
0 0.9 0.35546875 0.05703125 0.071875
0 0.7359375 0.44296875 0.0484375 0.0828125
0 0.75390625 0.16640625 0.04453125 0.3171875
0 0.66875 0.02890625 0.03046875 0.046875
0 0.66796875 0.0875 0.03515625 0.0734375
0 0.67109375 0.24140625 0.02734375 0.17265625
0 0.67734375 0.49296875 0.0359375 0.0390625
0 0.325 0.23203125 0.02890625 0.30625
0 0.4453125 0.37109375 0.0125 0.1109375
0 0.44453125 0.4578125 0.01171875 0.06953125
0 0.44609375 0.46875 0.02265625 0.09765625
0 0.42734375 0.42265625 0.01796875 0.06953125
0 0.42421875 0.49609375 0.0140625 0.05859375
0 0.3234375 0.46015625 0.02578125 0.03984375
0 0.1234375 0.24375 0.20859375 0.221875
0 0.278125 0.35625 0.08828125 0.1
0 0.23046875 0.44609375 0.0421875 0.046875
0 0.2984375 0.5921875 0.01875 0.0265625
1 0.97421875 0.5046875 0.03359375 0.06015625
1 0.875 0.50390625 0.0265625 0.04375
1 0.8578125 0.51796875 0.0140625 0.028125
1 0.7734375 0.52421875 0.0296875 0.0296875
1 0.76015625 0.54609375 0.03359375 0.0296875
1 0.715625 0.5171875 0.03984375 0.04140625