0 0.37578125 0.471875 0.08203125 0.128125
0 0.1984375 0.7265625 0.0921875 0.0875
1 0.63359375 0.54453125 0.02109375 0.0875
1 0.8265625 0.48046875 0.0296875 0.134375
1 0.77578125 0.55546875 0.0296875 0.1125
2 0.815625 0.59375 0.04921875 0.07421875
0 0.97890625 0.7015625 0.0421875 0.0796875
0 0.61875 0.66796875 0.04140625 0.12578125
0 0.546875 0.746875 0.03359375 0.065625
1 0.58671875 0.76171875 0.046875 0.05859375
1 0.7921875 0.696875 0.02109375 0.0578125
2 0.7109375 0.76328125 0.0171875 0.03203125