2 0.16484375 0.23515625 0.0453125 0.08125
2 0.34296875 0.2921875 0.02890625 0.065625
2 0.47734375 0.3546875 0.02578125 0.05078125
2 0.559375 0.38125 0.02578125 0.053125
2 0.6734375 0.40546875 0.01953125 0.04921875
2 0.69375 0.42109375 0.0140625 0.03984375
2 0.7125 0.4296875 0.02421875 0.03046875
2 0.73671875 0.4359375 0.01171875 0.03046875
2 0.75546875 0.4453125 0.01328125 0.0265625
2 0.76640625 0.446875 0.0171875 0.028125
2 0.77734375 0.45 0.01171875 0.0265625
2 0.784375 0.45 0.01328125 0.03046875
2 0.79375 0.453125 0.0125 0.02421875