0 0.88125 0.3625 0.23671875 0.30234375
0 0.81171875 0.75859375 0.10078125 0.08046875
0 0.63125 0.6015625 0.23671875 0.13203125
0 0.7203125 0.528125 0.06640625 0.07734375
0 0.69296875 0.19296875 0.2046875 0.3828125
0 0.878125 0.08671875 0.24375 0.1734375
0 0.478125 0.203125 0.21171875 0.38828125
0 0.57109375 0.42890625 0.23671875 0.15546875
0 0.40234375 0.3625 0.0921875 0.37109375
0 0.34453125 0.15078125 0.1515625 0.0515625
0 0.31875 0.3734375 0.16796875 0.37265625
0 0.18984375 0.428125 0.16328125 0.090625
0 0.16875 0.11796875 0.09921875 0.2359375
0 0.1265625 0.46953125 0.15625 0.709375
0 0.1046875 0.61796875 0.103125 0.346875
0 0.065625 0.303125 0.1171875 0.29765625
0 0.33828125 0.76640625 0.18359375 0.125
0 0.36328125 0.70859375 0.1703125 0.2890625
0 0.3171875 0.8828125 0.18828125 0.1109375
0 0.48046875 0.696875 0.1515625 0.3984375
0 0.58515625 0.75859375 0.08046875 0.16953125
0 0.70234375 0.775 0.21875 0.1625
1 0.134375 0.87890625 0.0484375 0.02265625
1 0.14453125 0.91015625 0.03203125 0.021875