0 0.275 0.45859375 0.14140625 0.17421875
0 0.0578125 0.39375 0.11484375 0.0875
0 0.87109375 0.52890625 0.10078125 0.06875
0 0.59921875 0.4828125 0.421875 0.18359375
1 0.9375 0.61171875 0.0515625 0.034375
1 0.8609375 0.6125 0.034375 0.03984375
1 0.778125 0.60703125 0.03203125 0.02421875
1 0.68515625 0.60546875 0.03046875 0.021875
1 0.5625 0.6 0.01796875 0.01796875
1 0.45859375 0.59921875 0.02421875 0.01640625
1 0.33203125 0.596875 0.04140625 0.02578125
1 0.1828125 0.59296875 0.04453125 0.0265625
1 0.0140625 0.596875 0.02734375 0.034375
0 0.171875 0.696875 0.0484375 0.12109375
1 0.35234375 0.88203125 0.09765625 0.15234375
0 0.40234375 0.6640625 0.1515625 0.05078125