0 0.5583545 0.2589453328125 0.19375 0.41333333281250006 0.19135249999999998 0.6198046671874999 0.5568945000000001 0.5788543328125 0.5583545 0.2589453328125
0 0.321875 0.6796875 0.0859375 0.10234375
1 0.99830075 0.7979166671875 0.53125 0.8133333328125 0.52384275 0.8726236671875001 0.99975 0.858789 0.99830075 0.7979166671875
1 0.10546875 0.865625 0.209375 0.08828125
1 0.3984375 0.84609375 0.1296875 0.1015625
0 0.0984375 0.67109375 0.19609375 0.0921875
1 0.60234375 0.08828125 0.1265625 0.10625
1 0.05546875 0.10859375 0.04375 0.06796875
1 0.14375 0.0140625 0.034375 0.028125
1 0.40625 0.1921875 0.08359375 0.075
1 0.45625 0.0671875 0.0453125 0.05078125