0 0.5734375 0.4734375 0.175 0.22421875
1 0.10859375 0.934375 0.07734375 0.0359375
1 0.12109375 0.96796875 0.059375 0.0203125
1 0.425 0.93203125 0.07265625 0.034375
1 0.71484375 0.9296875 0.0765625 0.0328125
1 0.94921875 0.95859375 0.053125 0.02109375
1 0.98359375 0.92890625 0.0328125 0.0375
1 0.95 0.0203125 0.0671875 0.03984375
1 0.60703125 0.0953125 0.02421875 0.03046875
1 0.60703125 0.190625 0.02890625 0.028125
1 0.515625 0.0875 0.0265625 0.03515625
1 0.39453125 0.08984375 0.034375 0.03359375
1 0.24453125 0.07578125 0.034375 0.0375
1 0.10859375 0.053125 0.0296875 0.0296875
1 0.053125 0.153125 0.0265625 0.03359375
1 0.14921875 0.22265625 0.03046875 0.0328125
1 0.23828125 0.22734375 0.02890625 0.02421875
1 0.38984375 0.23671875 0.03203125 0.02109375
1 0.465625 0.24765625 0.0171875 0.028125