0 0.51796875 0.5625 0.9640625 0.3859375
1 0.5 0.7875 1 0.15859375
1 0.37734375 0.88828125 0.7546875 0.11640625
1 0.940625 0.95078125 0.11796875 0.0421875
1 0.884375 0.44921875 0.05234375 0.03671875
1 0.7296875 0.4140625 0.06171875 0.06328125
1 0.56328125 0.36796875 0.0640625 0.03984375
1 0.3734375 0.34296875 0.04765625 0.04453125
1 0.16328125 0.2890625 0.075 0.0640625
1 0.34765625 0.12578125 0.0453125 0.05078125
1 0.6421875 0.225 0.04921875 0.0609375
1 0.74921875 0.25546875 0.0515625 0.046875
1 0.9078125 0.25234375 0.02109375 0.02421875
1 0.2546875 0.1546875 0.03828125 0.0234375
1 0.18203125 0.08359375 0.03203125 0.034375
1 0.01171875 0.02734375 0.0234375 0.0546875