0 0.5421875 0.55078125 0.7609375 0.5859375
0 0.09375 0.86953125 0.1875 0.16796875
0 0.0140625 0.45703125 0.028125 0.19140625
1 0.859375 0.8796875 0.16484375 0.09765625
1 0.703125 0.9046875 0.16171875 0.06796875
1 0.56484375 0.9140625 0.184375 0.06640625
1 0.47734375 0.928125 0.16953125 0.05078125
1 0.39375 0.93984375 0.17421875 0.04921875
1 0.33515625 0.94765625 0.15703125 0.04453125
1 0.26640625 0.94921875 0.10234375 0.04453125
1 0.23046875 0.96328125 0.121875 0.03125
1 0.1890625 0.9625 0.09921875 0.0359375
1 0.2921875 0.99609375 0.0546875 0.0078125