0 0.32890625 0.2609375 0.1578125 0.1546875
0 0.534375 0.1578125 0.20859375 0.2046875
1 0.02734375 0.68359375 0.0265625 0.034375
1 0.05234375 0.78984375 0.021875 0.0390625
1 0.10625 0.69921875 0.0421875 0.0421875
1 0.15 0.78203125 0.03515625 0.04453125
1 0.10859375 0.8578125 0.0375 0.05546875
1 0.18984375 0.6828125 0.03671875 0.028125
1 0.3140625 0.65703125 0.0265625 0.04453125
1 0.44375 0.571875 0.0875 0.0265625
1 0.48984375 0.62421875 0.07265625 0.01953125
1 0.49296875 0.671875 0.0265625 0.053125
1 0.5921875 0.6046875 0.04140625 0.01328125
1 0.67734375 0.7015625 0.03515625 0.05546875
1 0.79140625 0.7046875 0.05 0.059375
1 0.93359375 0.7328125 0.0546875 0.0546875
1 0.8765625 0.7109375 0.0203125 0.02578125