0 0.48359375 0.44609375 0.9671875 0.23125
0 0.51796875 0.63671875 0.571875 0.1296875
0 0.56640625 0.90234375 0.578125 0.10859375
1 0.2296875 0.725 0.03125 0.03359375
1 0.2890625 0.7671875 0.03125 0.02734375
1 0.3390625 0.80234375 0.028125 0.021875
1 0.590625 0.7109375 0.028125 0.02578125
1 0.61328125 0.7609375 0.0265625 0.021875
1 0.621875 0.79296875 0.02109375 0.009375
1 0.98359375 0.70390625 0.0328125 0.03828125
1 0.959375 0.75078125 0.028125 0.034375
1 0.93359375 0.7890625 0.0203125 0.03046875
1 0.9015625 0.82578125 0.0171875 0.021875
1 0.88828125 0.85078125 0.01328125 0.0140625
1 0.878125 0.86953125 0.01953125 0.009375
1 0.8640625 0.88515625 0.0109375 0.0171875
1 0.8120215 0.9573243328125001 0.7978955 0.9890950000000001 0.8087792500000001 0.9952733328125 0.832705 0.953483 0.8120215 0.9573243328125001
1 0.17421375 0.9569923328125001 0.185 0.9135613328125001 0.11263016249999999 0.9101812265625 0.11123050000000001 0.951022 0.17421375 0.9569923328125001