1 0.60546875 0.21015625 0.03515625 0.04453125
1 0.8078125 0.1453125 0.02890625 0.02890625
1 0.85078125 0.15390625 0.0203125 0.03671875
1 0.75546875 0.1125 0.0234375 0.028125
1 0.88671875 0.240625 0.02890625 0.03203125
1 0.74140625 0.18359375 0.021875 0.0546875
1 0.6859375 0.12421875 0.0265625 0.0578125
1 0.60546875 0.05546875 0.06796875 0.05546875
1 0.4921875 0.01484375 0.02421875 0.0296875
1 0.32890625 0.09375 0.02265625 0.04296875
0 0.1234375 0.3921875 0.196875 0.28203125
0 0.5375 0.528125 0.6703125 0.196875
0 0.93984375 0.59140625 0.1203125 0.1140625
1 0.990625 0.78203125 0.01796875 0.03203125
1 0.8234375 0.75234375 0.04296875 0.03125
1 0.69296875 0.69140625 0.0328125 0.04296875
1 0.6140625 0.75625 0.0328125 0.04140625
1 0.5015625 0.6953125 0.0484375 0.0609375
1 0.3578125 0.7703125 0.02890625 0.0375
1 0.228125 0.68359375 0.04921875 0.05234375
1 0.021875 0.7625 0.04296875 0.0734375
1 0.14453125 0.82734375 0.02734375 0.0390625