0 0.5734375 0.11328125 0.09375 0.2265625
0 0.43828125 0.5203125 0.65078125 0.24296875
1 0.04296875 0.353125 0.0484375 0.02890625
1 0.259375 0.315625 0.0515625 0.03828125
1 0.49296875 0.2625 0.05859375 0.04140625
1 0.7578125 0.21015625 0.053125 0.04453125
1 0.81875 0.11640625 0.03203125 0.0234375
1 0.9265625 0.01171875 0.03515625 0.0234375
1 0.409375 0.12421875 0.03359375 0.02890625
1 0.41015625 0.240625 0.0421875 0.025
1 0.35 0.18046875 0.0546875 0.028125
0 0.0171875 0.16015625 0.03359375 0.3203125
1 0.08046875 0.0171875 0.0484375 0.034375
1 0.24609375 0.77421875 0.01953125 0.01796875
1 0.28359375 0.7734375 0.0125 0.0234375
1 0.43984375 0.75703125 0.021875 0.02421875
1 0.48046875 0.75078125 0.01875 0.01796875
1 0.6515625 0.73671875 0.0203125 0.01640625
1 0.6984375 0.73359375 0.0171875 0.02109375
1 0.88515625 0.7203125 0.0234375 0.0296875
1 0.934375 0.7203125 0.02109375 0.0296875