1 0.1 0.0078125 0.034375 0.01484375
1 0.040625 0.09296875 0.021875 0.0390625
0 0.53515625 0.009375 0.078125 0.01796875
0 0.95625 0.03984375 0.0875 0.0796875
0 0.3140625 0.67734375 0.1546875 0.1140625
0 0.0890625 0.1234375 0.178125 0.246875
1 0.9359375 0.58828125 0.0515625 0.0296875
1 0.6890625 0.59453125 0.03984375 0.028125
1 0.446875 0.5984375 0.0484375 0.0296875
1 0.196875 0.60859375 0.0421875 0.02109375
1 0.1125 0.62578125 0.0359375 0.03046875
1 0.01171875 0.71015625 0.0234375 0.04453125
1 0.7140625 0.27734375 0.0265625 0.025
1 0.67890625 0.296875 0.0203125 0.02421875
1 0.6875 0.33203125 0.02421875 0.02421875
1 0.775 0.32578125 0.0171875 0.025
1 0.75 0.34453125 0.01796875 0.021875
1 0.72734375 0.3671875 0.0203125 0.02109375
1 0.815625 0.33828125 0.0203125 0.0234375
1 0.78125 0.35703125 0.01796875 0.0234375
1 0.83828125 0.40703125 0.02421875 0.03046875
1 0.4265625 0.36796875 0.2203125 0.15703125
1 0.5046875 0.46484375 0.0171875 0.02265625
1 0.5078125 0.4875 0.01796875 0.021875
1 0.5921875 0.40859375 0.01875 0.02734375
1 0.6359375 0.4109375 0.01171875 0.01953125
1 0.61953125 0.4921875 0.0171875 0.021875
1 0.65078125 0.47421875 0.009375 0.02265625
1 0.67734375 0.4359375 0.0171875 0.01484375
1 0.68046875 0.45546875 0.01328125 0.02109375
1 0.7296875 0.46171875 0.01484375 0.02109375
1 0.78125 0.48984375 0.01796875 0.015625
1 0.77421875 0.5125 0.0234375 0.021875
1 0.0484375 0.5546875 0.0109375 0.02265625