0 0.51015625 0.446875 0.90078125 0.42109375
1 0.5484375 0.26640625 0.040625 0.06328125
1 0.6859375 0.17421875 0.046875 0.0421875
1 0.7296875 0.0625 0.0484375 0.046875
1 0.109375 0.38125 0.21875 0.1875
0 0.0375 0.16328125 0.075 0.0796875
1 0.0359375 0.72890625 0.071875 0.1640625
1 0.028125 0.92421875 0.025 0.03671875
1 0.12890625 0.9671875 0.06796875 0.065625
1 0.38046875 0.821875 0.03203125 0.1390625
1 0.55234375 0.80859375 0.12578125 0.1640625
1 0.8015625 0.7765625 0.284375 0.1796875
1 0.9109375 0.8453125 0.15390625 0.053125
1 0.7671875 0.94140625 0.0328125 0.0234375