0 0.9974657499999999 0.31656266718750004 0.00125 0.4716666671875 0 0.6419793328125001 0.99975 0.5695506671875 0.9974657499999999 0.31656266718750004
1 0.46640625 0.6859375 0.0375 0.0328125
1 0.3625 0.7234375 0.06171875 0.08984375
1 0.2015625 0.72109375 0.19296875 0.06875
1 0.178125 0.79921875 0.071875 0.0421875
0 0 0.458379 0.09245600000000001 0.42422533281249997 0.1321095 0.1295833328125 0.54396975 0.0109243328125 0 0 0 0.458379
0 0.56999025 0.3516016671875 0.5697949999999999 0.07867199999999999 0.4999566796875 0.095108140625 0.49324700000000005 0.37 0.56999025 0.3516016671875
1 0.33125 0.29765625 0.3203125 0.14609375
1 0.60625 0.29296875 0.02578125 0.021875
1 0.97109375 0.22265625 0.0578125 0.0546875
1 0.73125 0.15234375 0.25 0.09765625