0 0.475 0.50390625 0.94296875 0.325
1 0.02734375 0.009375 0.0296875 0.01796875
1 0.103125 0.1265625 0.028125 0.03671875
1 0.23203125 0.0078125 0.03203125 0.01484375
1 0.278125 0.065625 0.00859375 0.02109375
1 0.30234375 0.11015625 0.01953125 0.01640625
1 0.45625 0.11171875 0.025 0.0375
1 0.32734375 0.22265625 0.021875 0.025
1 0.2578125 0.26953125 0.01015625 0.01484375
1 0.63984375 0.11171875 0.0296875 0.03046875
1 0.64453125 0.2078125 0.0296875 0.0328125
1 0.82265625 0.065625 0.015625 0.02421875
1 0.99375 0.20078125 0.0125 0.0171875