0 0.50078125 0.4203125 0.9984375 0.446875
1 0.78046875 0.8796875 0.0328125 0.04921875
1 0.7078125 0.91953125 0.04140625 0.04765625
1 0.6734375 0.94140625 0.03828125 0.04296875
1 0.61953125 0.90859375 0.0265625 0.03359375
1 0.5796875 0.9453125 0.02734375 0.02421875
1 0.521875 0.9390625 0.01796875 0.028125
1 0.421875 0.9046875 0.03984375 0.04765625
1 0.41328125 0.98046875 0.0359375 0.0390625
1 0.3203125 0.9046875 0.03984375 0.06875
1 0.24609375 0.9125 0.02890625 0.028125
1 0.121875 0.853125 0.0375 0.03984375
1 0.63828125 0.87734375 0.02109375 0.02109375