1 0.5125 0.025 0.06484375 0.05
1 0.76171875 0.33828125 0.0390625 0.05
1 0.559375 0.37109375 0.1078125 0.09296875
1 0.98203125 0.50078125 0.0359375 0.0421875
1 0.9265625 0.6375 0.0375 0.03203125
1 0.97578125 0.671875 0.040625 0.03125
1 0.5296875 0.75703125 0.059375 0.034375
1 0.38671875 0.7453125 0.07734375 0.03984375
0 0.92890625 0.621875 0.07265625 0.1765625
0 0.875 0.70234375 0.13671875 0.14453125
0 0.434375 0.4953125 0.8203125 0.5109375
1 0.065625 0.69375 0.078125 0.05234375
1 0.30390625 0.71328125 0.0421875 0.03359375