0 0.03828125 0.0421875 0.0453125 0.084375
0 0.36328125 0.0703125 0.465625 0.13984375
0 0.7109375 0.115625 0.11875 0.1515625
0 0.97734375 0.18203125 0.0453125 0.3640625
0 0.8453125 0.3515625 0.084375 0.1421875
0 0.34921875 0.465625 0.55703125 0.11171875
0 0.20625 0.6609375 0.06796875 0.06171875
0 0.73828125 0.6984375 0.12890625 0.05
0 0.7859375 0.771875 0.0265625 0.1203125
0 0.9078125 0.7921875 0.0375 0.16171875
0 0.21171875 0.878125 0.01953125 0.046875
1 0.0328125 0.684375 0.028125 0.0328125
1 0.084375 0.67890625 0.0171875 0.025
1 0.31484375 0.68046875 0.0171875 0.02109375
1 0.371875 0.68046875 0.0140625 0.02109375
1 0.43203125 0.6765625 0.0140625 0.02265625
1 0.490625 0.6734375 0.0140625 0.0140625
1 0.61953125 0.68046875 0.0140625 0.02421875
0 0.94765625 0.53203125 0.1 0.1640625
0 0.77890625 0.53125 0.1796875 0.0859375