1 0.0453125 0.0328125 0.0625 0.05703125
1 0.19140625 0.0703125 0.046875 0.05703125
1 0.3796875 0.11875 0.040625 0.03203125
1 0.53046875 0.2171875 0.03671875 0.0359375
1 0.6546875 0.28671875 0.04296875 0.0453125
1 0.76328125 0.34921875 0.0484375 0.053125
1 0.8734375 0.765625 0.0453125 0.05234375
1 0.0515625 0.31484375 0.04296875 0.05234375
1 0.028125 0.66796875 0.02265625 0.05234375
1 0.21015625 0.8265625 0.04296875 0.05
1 0.40546875 0.87734375 0.04921875 0.0640625
1 0.60078125 0.9171875 0.0421875 0.0390625
1 0.89296875 0.97734375 0.0453125 0.0453125
0 0.9234375 0.43203125 0.153125 0.64296875