1 0.14765625 0.034375 0.02578125 0.03515625
1 0.403125 0.01796875 0.02421875 0.02890625
1 0.66875 0.00703125 0.0296875 0.01328125
1 0.14921875 0.23203125 0.0265625 0.02109375
1 0.2078125 0.2015625 0.0234375 0.02578125
1 0.6125 0.1828125 0.01484375 0.025
1 0.05 0.4046875 0.06484375 0.05
1 0.275 0.3984375 0.0796875 0.05703125
1 0.50234375 0.37890625 0.06171875 0.04453125
1 0.7328125 0.36953125 0.0609375 0.05859375
0 0.4796875 0.59765625 0.95859375 0.478125
1 0.69921875 0.92890625 0.028125 0.03203125
1 0.30546875 0.95234375 0.01875 0.040625
1 0.33359375 0.9765625 0.0171875 0.03359375
1 0.6921875 0.98125 0.02890625 0.02578125
1 0.2296875 0.9875 0.03203125 0.025