1 0.01015625 0.240625 0.0203125 0.05625
1 0.2421875 0.28046875 0.0625 0.04765625
1 0.4484375 0.3078125 0.04140625 0.03984375
1 0.621875 0.35390625 0.0484375 0.05703125
1 0.78671875 0.3578125 0.046875 0.03984375
1 0.92734375 0.37890625 0.0453125 0.03125
1 0.9109375 0.2640625 0.0671875 0.19453125
0 0.53046875 0.45703125 0.53984375 0.228125
1 0.21875 0.671875 0.04609375 0.0296875
1 0.078125 0.67421875 0.02265625 0.01796875
1 0.1109375 0.71484375 0.028125 0.02109375
1 0.7296875 0.7078125 0.025 0.0265625
1 0.71015625 0.72109375 0.02265625 0.0203125
1 0.8046875 0.70625 0.02734375 0.034375
1 0.9234375 0.68984375 0.0234375 0.02421875