0 0.48125 0.4734375 0.23203125 0.3796875
1 0.10546875 0.8640625 0.0515625 0.03046875
1 0.21171875 0.85625 0.0484375 0.03984375
1 0.33046875 0.84921875 0.01640625 0.0125
1 0.44921875 0.84140625 0.02578125 0.0328125
1 0.57109375 0.8390625 0.03515625 0.03515625
1 0.6984375 0.828125 0.02265625 0.0265625
1 0.8171875 0.8125 0.0390625 0.0390625
1 0.8109375 0.853125 0.021875 0.01640625
1 0.70390625 0.8734375 0.04921875 0.02421875
1 0.59140625 0.884375 0.04296875 0.02890625
1 0.478125 0.88125 0.040625 0.028125
1 0.371875 0.88046875 0.04453125 0.028125
1 0.2671875 0.8875 0.046875 0.03203125
1 0.16484375 0.89921875 0.03515625 0.03125
0 0.99975 0.209922 0.0375 0.325 0.0279345 0.3589583328125 0.99913075 0.256953 0.99975 0.209922
1 0.39140625 0.93671875 0.0453125 0.02578125
1 0.49296875 0.9421875 0.04375 0.0203125
1 0.5453125 0.97734375 0.028125 0.0171875