0 0.47890625 0.62421875 0.86015625 0.3921875
1 0.08515625 0.821875 0.0875 0.065625
1 0.021875 0.91796875 0.03984375 0.04765625
1 0.059375 0.915625 0.04296875 0.03984375
1 0.1359375 0.928125 0.0390625 0.04296875
1 0.17890625 0.93203125 0.04296875 0.0375
1 0.21875 0.921875 0.040625 0.0359375
1 0.253125 0.88046875 0.04921875 0.04296875
1 0.22421875 0.8265625 0.06796875 0.04453125
1 0.34453125 0.88125 0.05859375 0.0359375
1 0.30859375 0.921875 0.03984375 0.034375
1 0.47578125 0.9359375 0.05234375 0.03359375
1 0.528125 0.828125 0.075 0.04765625
1 0.61796875 0.8859375 0.0578125 0.03359375
1 0.5796875 0.92890625 0.03828125 0.0421875
1 0.6203125 0.94140625 0.03515625 0.0375
1 0.65859375 0.94609375 0.06015625 0.0453125
1 0.69921875 0.93125 0.034375 0.03359375
1 0.7046875 0.8296875 0.0796875 0.053125
1 0.76796875 0.95078125 0.06171875 0.05234375
1 0.84609375 0.9546875 0.0546875 0.04453125
1 0.9171875 0.8375 0.08984375 0.0578125
1 0.90390625 0.953125 0.053125 0.0453125
0 0.15234375 0.33125 0.14453125 0.3734375
1 0.5703125 0.8640625 0.06484375 0.0296875