1 0.0515625 0.39765625 0.0390625 0.3515625
1 0.3296875 0.1140625 0.53515625 0.228125
0 0.2953125 0.06015625 0.2328125 0.1203125
0 0.52421875 0.6078125 0.9140625 0.31796875
1 0.3953125 0.78046875 0.028125 0.03203125
1 0.59921875 0.80234375 0.12109375 0.0375
1 0.96953125 0.8109375 0.0609375 0.06796875
1 0.99296875 0.90546875 0.0140625 0.028125
1 0.046875 0.58984375 0.0234375 0.02265625
1 0.11171875 0.5734375 0.0234375 0.01640625
1 0.1828125 0.55859375 0.0296875 0.02421875
1 0.2546875 0.54296875 0.0296875 0.01640625
1 0.340625 0.5234375 0.0265625 0.0296875
1 0.434375 0.50703125 0.03125 0.0265625
1 0.54375 0.48046875 0.03671875 0.02421875
1 0.6546875 0.45546875 0.0375 0.025
1 0.7953125 0.43359375 0.0421875 0.03046875
1 0.9453125 0.40546875 0.04375 0.040625