0 0.5234375 0.3953125 0.8171875 0.48984375
1 0.821875 0.5078125 0.03359375 0.025
1 0.94921875 0.6390625 0.0265625 0.02734375
1 0.76875 0.603125 0.0171875 0.009375
1 0.596875 0.52578125 0.0234375 0.02734375
1 0.50390625 0.56015625 0.015625 0.02109375
1 0.51171875 0.596875 0.02109375 0.034375
1 0.36875 0.059375 0.01171875 0.02265625
1 0.33671875 0.07578125 0.015625 0.01484375
1 0.31171875 0.09296875 0.0078125 0.01640625
1 0.0796875 0.26640625 0.0234375 0.0296875
1 0.15390625 0.6734375 0.0125 0.0234375
1 0.375 0.60546875 0.0171875 0.02109375
1 0.38671875 0.69921875 0.0140625 0.015625
1 0.490625 0.67109375 0.01328125 0.015625
1 0.6171875 0.64296875 0.0171875 0.0265625
1 0.75546875 0.77578125 0.0203125 0.025
1 0.61640625 0.759375 0.0109375 0.01796875
1 0.66796875 0.7828125 0.00859375 0.025
1 0.38515625 0.83125 0.0125 0.015625
1 0.3703125 0.88671875 0.015625 0.0234375
1 0.8046875 0.80546875 0.01875 0.02109375
1 0.8328125 0.8703125 0.02578125 0.02734375
1 0.8953125 0.86640625 0.00859375 0.015625
1 0.934375 0.8890625 0.00859375 0.0140625
1 0.9125 0.9203125 0.01953125 0.0234375
1 0.95078125 0.94453125 0.01171875 0.015625
1 0.47109375 0.875 0.0140625 0.0203125
1 0.1234375 0.803125 0.01015625 0.0234375
1 0.0640625 0.80078125 0.025 0.03828125