0 0.08984375 0.065625 0.17890625 0.13125
1 0.84609375 0.5046875 0.165625 0.103125
1 0.05234375 0.775 0.0453125 0.0296875
1 0.12890625 0.7375 0.06171875 0.0359375
1 0.2140625 0.73671875 0.0640625 0.03125
1 0.28984375 0.73203125 0.078125 0.046875
1 0.26171875 0.71796875 0.19453125 0.0390625
1 0.40859375 0.728125 0.08671875 0.034375
1 0.5328125 0.72734375 0.1078125 0.034375
1 0.65390625 0.71484375 0.1109375 0.0453125
1 0.8625 0.7203125 0.09296875 0.04296875
1 0.63515625 0.81328125 0.153125 0.0359375
1 0.7515625 0.8109375 0.03828125 0.0234375
1 0.8125 0.8140625 0.03671875 0.028125
1 0.26953125 0.80078125 0.03359375 0.03671875