1 0.54609375 0.51484375 0.0953125 0.04765625
1 0.5671875 0.61171875 0.08828125 0.0640625
1 0.446875 0.6046875 0.0703125 0.04609375
1 0.32734375 0.584375 0.0515625 0.0359375
1 0.15546875 0.4546875 0.05859375 0.05
1 0.040625 0.54296875 0.08125 0.0234375
1 0.08984375 0.640625 0.1796875 0.0359375
1 0.39296875 0.6984375 0.0796875 0.04765625
1 0.64140625 0.69453125 0.06015625 0.04140625
1 0.5953125 0.63984375 0.06640625 0.0421875
1 0.0296875 0.6890625 0.05703125 0.0265625
0 0.46796875 0.85 0.103125 0.0625
0 0.92265625 0.7640625 0.08828125 0.1140625
1 0.8953125 0.68359375 0.0734375 0.0328125
0 0.8296875 0.7171875 0.03984375 0.075
1 0.5484375 0.0296875 0.128125 0.059375