1 0.05234375 0.0828125 0.03359375 0.028125
1 0.096875 0.0296875 0.0234375 0.0296875
1 0.16640625 0.01875 0.0265625 0.01796875
1 0.24296875 0.03046875 0.01640625 0.01875
1 0.3171875 0.025 0.0234375 0.02109375
1 0.34921875 0.0453125 0.0203125 0.021875
1 0.2609375 0.209375 0.021875 0.0296875
1 0.42265625 0.1640625 0.01953125 0.03125
1 0.57265625 0.196875 0.02578125 0.03671875
1 0.5796875 0.028125 0.0265625 0.0265625
1 0.6453125 0.034375 0.01328125 0.021875
1 0.6921875 0.06640625 0.01171875 0.0453125
1 0.72265625 0.0375 0.01640625 0.028125
1 0.778125 0.1 0.02421875 0.06875
1 0.728125 0.1734375 0.02890625 0.03359375
1 0.8671875 0.0375 0.01484375 0.0375
1 0.93359375 0.0859375 0.0234375 0.0359375
1 0.940625 0.02578125 0.01328125 0.028125
1 0.88828125 0.2078125 0.01640625 0.03125
0 0.04921875 0.45703125 0.0984375 0.24765625
0 0.47421875 0.52109375 0.77890625 0.1375
1 0.90390625 0.73359375 0.0375 0.034375
1 0.60625 0.70703125 0.02265625 0.0390625
1 0.42734375 0.66015625 0.03203125 0.02890625
1 0.30078125 0.73046875 0.0421875 0.03203125
1 0.18046875 0.67265625 0.05 0.0390625
1 0.01953125 0.75078125 0.03046875 0.02109375
1 0.0046875 0.81015625 0.009375 0.0328125
1 0.19453125 0.8140625 0.02578125 0.03203125