1 0.52578125 0.1359375 0.06484375 0.10859375
1 0.60859375 0.1828125 0.0796875 0.11640625
1 0.56640625 0.33203125 0.0796875 0.10390625
1 0.4828125 0.2921875 0.075 0.10234375
1 0.440625 0.425 0.0546875 0.1046875
1 0.5109375 0.4671875 0.0546875 0.10234375
1 0.47890625 0.57421875 0.08515625 0.0859375
1 0.40859375 0.53359375 0.0734375 0.0875
1 0.38828125 0.62734375 0.06640625 0.07734375
1 0.43984375 0.66171875 0.1 0.08125
1 0.42265625 0.7484375 0.075 0.0625
1 0.35703125 0.7140625 0.08359375 0.0640625
1 0.33515625 0.7890625 0.04296875 0.05
1 0.38515625 0.81875 0.05703125 0.03984375
1 0.36328125 0.88671875 0.053125 0.05625
1 0.31640625 0.8515625 0.0703125 0.05859375
1 0.2984375 0.915625 0.046875 0.0484375
1 0.3421875 0.94296875 0.0515625 0.04375
1 0.28671875 0.96328125 0.03359375 0.04453125
1 0.325 0.9859375 0.05 0.028125