0 0.4453125 0.203125 0.34453125 0.26796875
1 0.25546875 0.1453125 0.0546875 0.065625
1 0.10234375 0.6390625 0.04140625 0.046875
1 0.24921875 0.59296875 0.04296875 0.0375
1 0.1796875 0.61953125 0.0953125 0.05
1 0.36171875 0.6140625 0.1296875 0.065625
1 0.5125 0.5484375 0.0265625 0.03203125
1 0.57265625 0.5828125 0.03828125 0.03203125
1 0.55546875 0.63984375 0.03984375 0.03984375
1 0.60390625 0.6390625 0.034375 0.0421875
1 0.65390625 0.64453125 0.02734375 0.04453125
1 0.68203125 0.6453125 0.0234375 0.02421875
1 0.71328125 0.67265625 0.0328125 0.034375
1 0.765625 0.65625 0.0359375 0.0390625
1 0.76953125 0.60703125 0.028125 0.04296875
1 0.85234375 0.66328125 0.05078125 0.046875
1 0.96875 0.6890625 0.0625 0.078125