0 0.1546875 0.440625 0.0421875 0.16171875
0 0.57421875 0.6921875 0.53125 0.08203125
1 0.20625 0.25625 0.03984375 0.02265625
1 0.34609375 0.26015625 0.0375 0.0296875
1 0.48359375 0.2625 0.03671875 0.03203125
1 0.62109375 0.2671875 0.0375 0.021875
1 0.75625 0.27578125 0.03203125 0.028125
1 0.8875 0.284375 0.0359375 0.0359375
1 0.99296875 0.3265625 0.0140625 0.0296875
1 0.27109375 0.771875 0.02421875 0.01328125
1 0.39609375 0.77265625 0.03203125 0.0125
1 0.515625 0.771875 0.03359375 0.0265625
1 0.62890625 0.77265625 0.03828125 0.021875
1 0.7453125 0.77578125 0.0328125 0.02734375
1 0.8578125 0.77421875 0.03515625 0.01484375
1 0.53046875 0.87421875 0.09609375 0.04921875
1 0.59140625 0.909375 0.0578125 0.028125
1 0.44609375 0.0984375 0.01953125 0.02421875