1 0.23046875 0.4109375 0.025 0.0265625
1 0.23046875 0.4625 0.01796875 0.02890625
1 0.396875 0.40703125 0.025 0.03359375
1 0.3953125 0.46640625 0.02265625 0.02890625
1 0.29140625 0.5421875 0.01484375 0.05078125
1 0.04765625 0.9046875 0.03359375 0.0375
1 0.084375 0.953125 0.02578125 0.0296875
1 0.22109375 0.89296875 0.0265625 0.028125
1 0.3796875 0.8890625 0.0203125 0.02421875
1 0.3703125 0.94140625 0.02265625 0.021875
1 0.3578125 0.990625 0.0125 0.01875
1 0.48359375 0.99296875 0.03515625 0.01328125
1 0.50390625 0.9375 0.01953125 0.02890625
1 0.53515625 0.8859375 0.03359375 0.03671875
1 0.63359375 0.940625 0.015625 0.02578125
1 0.684375 0.884375 0.02421875 0.02421875
1 0.76171875 0.9359375 0.0171875 0.02578125
1 0.83359375 0.8796875 0.02109375 0.0296875
1 0.88671875 0.93203125 0.021875 0.03125
1 0.9734375 0.87578125 0.01640625 0.02890625
0 0.5015625 0.553125 0.996875 0.20234375