1 0.303125 0.04609375 0.04765625 0.05
1 0.3921875 0.09375 0.040625 0.05
1 0.47265625 0.1421875 0.034375 0.0578125
1 0.55234375 0.2 0.03671875 0.053125
1 0.61953125 0.2421875 0.04296875 0.0578125
1 0.6875 0.2859375 0.03828125 0.0546875
1 0.75390625 0.32578125 0.03515625 0.0546875
1 0.815625 0.36953125 0.03671875 0.0453125
1 0.87109375 0.403125 0.03203125 0.0375
1 0.93125 0.44140625 0.02734375 0.05
1 0.984375 0.478125 0.0265625 0.04765625
1 0.7734375 0.98359375 0.04609375 0.03203125
1 0.69296875 0.97109375 0.05 0.0578125
1 0.615625 0.93671875 0.04140625 0.05546875
1 0.52265625 0.915625 0.0484375 0.0625
1 0.42109375 0.88671875 0.04921875 0.0640625
1 0.3171875 0.84609375 0.05 0.0703125
1 0.20078125 0.8109375 0.0453125 0.0625