1 0.27890625 0.46015625 0.0359375 0.0421875
1 0.3546875 0.4140625 0.0484375 0.03125
1 0.43984375 0.3609375 0.03828125 0.04296875
1 0.5375 0.3109375 0.0453125 0.046875
1 0.6453125 0.24921875 0.05234375 0.04296875
1 0.77265625 0.178125 0.04921875 0.0546875
0 0.553125 0.4 0.6140625 0.56640625
0 0.34765625 0.11171875 0.321875 0.2234375
1 0.671875 0.7203125 0.06015625 0.04140625
1 0.496875 0.77265625 0.0546875 0.0453125
1 0.3140625 0.8171875 0.0484375 0.02578125
1 0.4921875 0.85078125 0.034375 0.02421875
1 0.6671875 0.81953125 0.0625 0.0296875
1 0.34921875 0.828125 0.0359375 0.028125
0 0.3578125 0.9296875 0.0578125 0.13984375
1 0.2671875 0.98515625 0.03515625 0.0296875