0 0.4984375 0.44609375 0.87109375 0.27890625
1 0.146875 0.23203125 0.02734375 0.04453125
0 0.0296875 0.23046875 0.059375 0.3625
0 0.03125 0.021875 0.053125 0.04375
0 0.51484375 0.07578125 0.8125 0.15078125
0 0.9609375 0.03515625 0.078125 0.0703125
0 0.6359375 0.65 0.19453125 0.04921875
0 0.025 0.7453125 0.05 0.2359375
0 0.01953125 0.53515625 0.0390625 0.1375
1 0.1359375 0.60078125 0.03046875 0.0265625
1 0.16953125 0.60390625 0.03828125 0.04296875
1 0.21640625 0.6125 0.059375 0.0546875
1 0.278125 0.6109375 0.0734375 0.05546875
1 0.3421875 0.59921875 0.0625 0.071875
1 0.40703125 0.60390625 0.0859375 0.065625
1 0.484375 0.5953125 0.05859375 0.0640625
1 0.515625 0.59140625 0.0421875 0.0625
1 0.55234375 0.59296875 0.03828125 0.06875
1 0.58671875 0.596875 0.03203125 0.0734375
1 0.628125 0.596875 0.015625 0.08359375
1 0.66640625 0.59296875 0.0484375 0.084375
1 0.703125 0.5953125 0.0234375 0.07890625
1 0.73671875 0.59765625 0.0546875 0.08203125
1 0.7890625 0.584375 0.0578125 0.0640625
1 0.83359375 0.578125 0.05 0.05
1 0.86953125 0.58046875 0.0421875 0.07421875
1 0.91796875 0.58203125 0.0296875 0.0578125
1 0.97265625 0.57421875 0.0546875 0.07109375
1 0.4109375 0.69765625 0.0265625 0.0203125
1 0.57578125 0.8296875 0.034375 0.13359375
1 0.3953125 0.7984375 0.03984375 0.12109375
0 0.21796875 0.8234375 0.10234375 0.146875
1 0.22734375 0.22265625 0.03671875 0.04296875
1 0.32109375 0.2140625 0.03515625 0.0359375
1 0.41328125 0.203125 0.0171875 0.0234375
1 0.40234375 0.25078125 0.03515625 0.0375