0 0.67325675 0.2437433328125 0.6664990000000001 0.1673436671875 0.28875 0.3533333328125 0.276372 0.45530600000000004 0.8954150000000001 0.18745433281249999 0.8803175 0.1464973328125 0.67325675 0.2437433328125
0 0.1925 0.0466666671875 0.034292 0.5731183328125 0.10368649999999999 0.6289453328125 0.24027824999999997 0.10974600000000001 0.1925 0.0466666671875
0 0.25267575 0 0.2261425 0.105521 0.435708 0 0.25267575 0
1 0.2453125 0.49765625 0.02890625 0.0390625
1 0.3015625 0.4828125 0.028125 0.028125
1 0.29296875 0.553125 0.0234375 0.03359375
1 0.36015625 0.4640625 0.0328125 0.03046875
1 0.4171875 0.43671875 0.046875 0.0375
1 0.50234375 0.46171875 0.04140625 0.02734375
1 0.57265625 0.4390625 0.0375 0.02734375
1 0.53046875 0.38671875 0.0328125 0.0265625
1 0.60625 0.36484375 0.0328125 0.0359375
1 0.67890625 0.33046875 0.0453125 0.0375
1 0.75859375 0.296875 0.0421875 0.034375
1 0.8359375 0.25703125 0.02890625 0.02109375
1 0.86875 0.3328125 0.0453125 0.03828125
0 0.81875 0.4890625 0.0546875 0.034375
0 0.1046875 0.646875 0.034375 0.01796875
0 0.21328125 0.6171875 0.03359375 0.01796875
0 0.328125 0.5703125 0.028125 0.0203125
0 0.46484375 0.5234375 0.021875 0.0171875
0 0.61171875 0.4734375 0.0484375 0.0265625
0 0.78125 0.4109375 0.040625 0.02890625
0 0.87379875 0.6237826671875 0.9051415 0.9057746671875 0.99975 0.8802863328124999 0.9641552499999999 0.5952993328125 0.87379875 0.6237826671875
0 0.9623682499999999 0.5059243328125 0.9618309999999999 0.5072266671875 0.9980517499999999 0.699694 0.99975 0.620599 0.9701074999999999 0.5003776671875 0.9623682499999999 0.5059243328125
0 0 0.9996666671875 0.00611325 0.9996666671875 0.0665575 0.8537043328125 0.014624000000000002 0.8480403328125 0.08338375 0.6435873328125 0 0.5816666671874999 0 0.9996666671875