0 0.5 0.5 1 0.31640625
1 0.296875 0.13671875 0.040625 0.03359375
1 0.43125 0.13203125 0.0125 0.0265625
1 0.07265625 0.178125 0.01171875 0.01953125
1 0.0609375 0.79296875 0.0890625 0.01640625
1 0.0453125 0.8171875 0.0265625 0.028125
1 0.09765625 0.8765625 0.0109375 0.03671875
1 0.1796875 0.79765625 0.0890625 0.02890625
1 0.1609375 0.8453125 0.0578125 0.04765625
1 0.1625 0.965625 0.009375 0.021875
1 0.184375 0.88125 0.015625 0.015625
1 0.26875 0.834375 0.02734375 0.01796875
1 0.29296875 0.80234375 0.0984375 0.02421875
1 0.40625 0.8078125 0.08984375 0.02890625
1 0.53515625 0.80546875 0.090625 0.028125
1 0.64921875 0.80859375 0.0984375 0.0171875
1 0.75859375 0.8109375 0.08671875 0.01796875
1 0.86328125 0.81484375 0.08125 0.01328125
1 0.965625 0.815625 0.06875 0.021875
1 0.98828125 0.946875 0.0234375 0.0265625
1 0.5703125 0.871875 0.01875 0.0234375
1 0.5234375 0.8875 0.01640625 0.01796875
1 0.434375 0.8765625 0.009375 0.0265625
1 0.3796875 0.83046875 0.01640625 0.01796875
1 0.44140625 0.915625 0.01015625 0.025
1 0.403125 0.9328125 0.0203125 0.00546875
1 0.3625 0.95078125 0.01171875 0.0109375
1 0.31015625 0.9140625 0.01328125 0.0171875
1 0.290625 0.96640625 0.01328125 0.0203125
1 0.828125 0.83984375 0.01328125 0.01953125