0 0.5265625 0.1297006671875 0.265 0.2883333328125 0.265415 0.3758136671875 0.5447997499999999 0.20748700000000003 0.5265625 0.1297006671875
0 0.9070067500000001 0.30827466718749996 0.135 0.5599999999999999 0.12697275 0.627103 0.946748 0.4865233328125 0.9070067500000001 0.30827466718749996
2 0.8265625 0.265625 0.065625 0.04375
1 0.6571435 0.41162099999999996 0.59900875 0.317422 0.72938 0.2632553328125 0.73129875 0.2064193328125 0.57375 0.2816666671875 0.56666025 0.2989973328125 0.6202295 0.419453 0.6571435 0.41162099999999996
0 0 0.6283463328125001 0.10996575 0.65056 0.17221675 0.366504 0.125 0.335 0.12623525 0.3398893328125 0.08414075 0.4194076671875 0.051337999999999995 0.3755076671875 0.02451175 0.45725899999999997 0.05122075 0.3139843328125 0.05782725 0.2785806671875 0.00002925 0.2738476671875 0 0.48604166718749997 0 0.6283463328125001
1 0.31328125 0.059375 0.0359375 0.03203125
1 0.48127924999999994 0.4435416671875 0.38625 0.36 0.34180675 0.44903633281250005 0.40640124999999994 0.4829623328125 0.48127924999999994 0.4435416671875
1 0.26328125 0.49609375 0.03125 0.0328125
1 0.81015625 0.584375 0.04609375 0.0328125
1 0.69296875 0.59375 0.08046875 0.04765625
1 0.8015625 0.6640625 0.065625 0.0625
1 0.40546875 0.6609375 0.1359375 0.06875
0 0.99234875 0.9657746671874999 0.560337 0.878086 0.5588427499999999 0.9986523328124999 0.99975 0.9996666671875 0.99234875 0.9657746671874999