0 0.3609375 0.02265625 0.07265625 0.0453125
0 0.74140625 0.26328125 0.165625 0.14921875
0 0.6390625 0.19296875 0.03359375 0.046875
0 0.78984375 0.39609375 0.08671875 0.0625
0 0.7734375 0.0203125 0.0578125 0.03984375
0 0.8328125 0.02734375 0.0234375 0.0546875
0 0.8453125 0.1109375 0.0234375 0.078125
0 0.8578125 0.21484375 0.0234375 0.07578125
0 0.875 0.3265625 0.025 0.09921875
0 0.884375 0.4390625 0.0265625 0.09453125
0 0.95859375 0.70625 0.08125 0.065625
0 0.47109375 0.45859375 0.5375 0.4296875
1 0.115625 0.22421875 0.22890625 0.16171875
1 0.81875 0.50234375 0.2046875 0.1171875