0 0.9578125 0.453125 0.08359375 0.1859375
1 0.525 0.371875 0.0453125 0.0265625
0 0.45703125 0.4984375 0.9140625 0.34453125
1 0.65 0.76328125 0.0171875 0.0265625
1 0.9625 0.75 0.0234375 0.046875
1 0.8234375 0.75390625 0.0109375 0.021875
1 0.7828125 0.7453125 0.01796875 0.03359375
1 0.75859375 0.72109375 0.0125 0.015625
1 0.7046875 0.74765625 0.01171875 0.021875
1 0.71875 0.7640625 0.01015625 0.01796875
1 0.57890625 0.71640625 0.0078125 0.0203125
1 0.5890625 0.75625 0.0125 0.01953125
1 0.528125 0.734375 0.01171875 0.025
1 0.478125 0.70703125 0.01171875 0.0140625
1 0.46484375 0.71484375 0.01171875 0.02265625
1 0.41796875 0.73046875 0.01640625 0.02421875
1 0.38984375 0.7390625 0.01484375 0.02109375
1 0.353125 0.740625 0.01171875 0.01484375
1 0.309375 0.74765625 0.0234375 0.02265625
1 0.28359375 0.74140625 0.009375 0.015625
1 0.21015625 0.73515625 0.01015625 0.01640625
1 0.2203125 0.73984375 0.00859375 0.015625
1 0.13515625 0.71171875 0.01484375 0.0234375
1 0.09765625 0.7046875 0.0171875 0.0125