0 0.521875 0.59453125 0.91796875 0.16796875
1 0.1484375 0.06171875 0.02265625 0.0296875
1 0.1734375 0.14453125 0.0140625 0.01953125
1 0.01953125 0.1484375 0.01953125 0.0265625
1 0.2921875 0.19921875 0.01640625 0.028125
1 0.3921875 0.096875 0.01875 0.0296875
1 0.60625 0.1265625 0.0203125 0.0265625
1 0.8109375 0.1578125 0.01875 0.03203125
1 0.9890625 0.18359375 0.02109375 0.0203125
0 0.709375 0.0109375 0.078125 0.021875
1 0.8546875 0.0125 0.0359375 0.025
1 0.6109375 0.22578125 0.0140625 0.02109375
1 0.73515625 0.8015625 0.0578125 0.0390625
1 0.6453125 0.81640625 0.0484375 0.02578125
1 0.85234375 0.78125 0.059375 0.01953125