0 0.3046875 0.16484375 0.3375 0.3296875
1 0.76484375 0.1171875 0.05 0.0609375
1 0.61171875 0.21953125 0.04609375 0.0453125
1 0.48828125 0.30546875 0.04140625 0.04765625
1 0.3796875 0.37421875 0.0421875 0.04140625
1 0.30078125 0.42890625 0.02890625 0.028125
1 0.22265625 0.47890625 0.03046875 0.028125
1 0.1671875 0.5171875 0.021875 0.02109375
1 0.121875 0.5453125 0.03359375 0.03046875
0 0.015625 0.68515625 0.03125 0.1203125
1 0.0140625 0.83203125 0.028125 0.0484375
0 0.5515625 0.440625 0.896875 0.7484375
1 0.91796875 0.60546875 0.02890625 0.02109375
1 0.5828125 0.68359375 0.0265625 0.02734375
1 0.4921875 0.70390625 0.0265625 0.021875
1 0.30625 0.74765625 0.0296875 0.015625
1 0.25546875 0.759375 0.0234375 0.021875
1 0.15390625 0.7921875 0.02265625 0.0171875