0 0.51875 0.53046875 0.6921875 0.39140625
1 0.33359375 0.88984375 0.02421875 0.02265625
1 0.39296875 0.884375 0.0203125 0.02578125
1 0.44921875 0.88046875 0.02109375 0.02421875
1 0.428125 0.925 0.02109375 0.0265625
1 0.82421875 0.84921875 0.028125 0.021875
1 0.92109375 0.83515625 0.025 0.02734375
1 0.9921875 0.87578125 0.01484375 0.021875
1 0.953125 0.953125 0.01796875 0.0203125
1 0.7515625 0.89453125 0.0203125 0.0125
1 0.72734375 0.9609375 0.02265625 0.021875
1 0.528125 0.97265625 0.0234375 0.015625
1 0.50625 0.98984375 0.021875 0.01953125