0 0.11328125 0.0734375 0.2265625 0.0765625
0 0.5 0.49609375 1 0.25546875
0 0.3328125 0.8765625 0.0734375 0.23671875
1 0.03046875 0.76640625 0.0359375 0.0390625
1 0.25625 0.77421875 0.0421875 0.03203125
1 0.49921875 0.78046875 0.03125 0.0375
1 0.4859375 0.8390625 0.01484375 0.034375
1 0.9203125 0.790625 0.02578125 0.03046875
1 0.0515625 0.79453125 0.02421875 0.01953125
1 0.1234375 0.77734375 0.0203125 0.0140625
1 0.1546875 0.3421875 0.0421875 0.02734375
1 0.334375 0.3390625 0.034375 0.021875
1 0.51875 0.34375 0.0421875 0.02421875
1 0.88359375 0.34609375 0.0328125 0.021875