0 0.83984375 0.459375 0.1703125 0.10546875
0 0.490625 0.50703125 0.44609375 0.2609375
0 0.2015625 0.56171875 0.06171875 0.14453125
0 0.09140625 0.5640625 0.0921875 0.07109375
0 0.11640625 0.76953125 0.0703125 0.09921875
1 0.10859375 0.69921875 0.03203125 0.028125
1 0.165625 0.69765625 0.01796875 0.03515625
1 0.23515625 0.6859375 0.02578125 0.02890625
1 0.309375 0.67109375 0.02421875 0.02890625
1 0.40078125 0.6609375 0.02109375 0.015625
1 0.53046875 0.64609375 0.04140625 0.03515625
1 0.68359375 0.63046875 0.0421875 0.04453125
1 0.84140625 0.609375 0.04296875 0.04609375