0 0.45078125 0.65859375 0.53515625 0.3375
1 0.740625 0.33203125 0.0328125 0.0359375
1 0.65703125 0.115625 0.05546875 0.07109375
1 0.64765625 0.29609375 0.02578125 0.0234375
1 0.64609375 0.3515625 0.0296875 0.02578125
1 0.53359375 0.184375 0.01640625 0.01796875
1 0.753125 0.16171875 0.028125 0.02578125
1 0.4890625 0.2578125 0.034375 0.0203125
1 0.4640625 0.35859375 0.0171875 0.02578125
1 0.515625 0.31328125 0.04296875 0.06640625
1 0.3984375 0.2234375 0.05234375 0.03984375
1 0.41640625 0.01171875 0.0296875 0.01875
1 0.33984375 0.0453125 0.02578125 0.03203125
1 0.23515625 0.00859375 0.0265625 0.0171875
1 0.2625 0.07421875 0.0203125 0.034375
1 0.2015625 0.103125 0.02578125 0.02890625
1 0.165625 0.04765625 0.02109375 0.021875
1 0.09609375 0.06875 0.03359375 0.03984375
1 0.13359375 0.13671875 0.025 0.046875
1 0.0234375 0.10390625 0.034375 0.034375
1 0.2984375 0.2640625 0.02734375 0.0265625
1 0.303125 0.3140625 0.0265625 0.0296875
1 0.2328125 0.37578125 0.05859375 0.03671875
1 0.72265625 0.9890625 0.0375 0.02109375