1 0.46484375 0.12578125 0.0390625 0.03984375
1 0.5609375 0.01484375 0.0421875 0.0296875
1 0.51953125 0.21328125 0.03203125 0.0375
1 0.65078125 0.1765625 0.0328125 0.03125
1 0.425 0.278125 0.0296875 0.04296875
1 0.3609375 0.18359375 0.02890625 0.04296875
1 0.3265625 0.340625 0.025 0.03359375
1 0.821875 0.54140625 0.03203125 0.0296875
1 0.78125 0.44765625 0.0328125 0.04453125
0 0.84140625 0.3625 0.1859375 0.31015625
0 0.67265625 0.09609375 0.10859375 0.17890625
0 0.59921875 0.14453125 0.103125 0.13671875
0 0.52734375 0.5109375 0.35859375 0.60546875
1 0.1015625 0.55 0.203125 0.5859375
1 0.31171875 0.65234375 0.078125 0.48515625
0 0.65078125 0.92734375 0.35859375 0.1453125