0 0.91953125 0.41640625 0.1609375 0.1640625
0 0.6578125 0.49140625 0.30546875 0.23671875
0 0.265625 0.56484375 0.3859375 0.2390625
1 0.2203125 0.77421875 0.025 0.03203125
1 0.28671875 0.74609375 0.0265625 0.021875
0 0.37734375 0.85234375 0.07265625 0.2953125
1 0.3265625 0.834375 0.0296875 0.015625
1 0.5203125 0.71015625 0.01875 0.03046875
1 0.64609375 0.6953125 0.02421875 0.02734375
1 0.77890625 0.678125 0.028125 0.0234375
1 0.92265625 0.65859375 0.02265625 0.0296875
1 0.88984375 0.7578125 0.02421875 0.0328125
1 0.93984375 0.80078125 0.01953125 0.02109375
1 0.921875 0.890625 0.028125 0.02734375
1 0.8796875 0.85234375 0.0171875 0.025
1 0.78125 0.7703125 0.0203125 0.0265625
1 0.6671875 0.7828125 0.0171875 0.025
1 0.725 0.8265625 0.015625 0.0296875
1 0.7765625 0.8734375 0.0203125 0.03359375
1 0.82578125 0.90546875 0.021875 0.01796875
1 0.51953125 0.78984375 0.01953125 0.01640625
1 0.5765625 0.82890625 0.0171875 0.0171875
1 0.5890625 0.85390625 0.0203125 0.0171875
1 0.61875 0.84140625 0.01953125 0.0234375
1 0.64921875 0.84375 0.0203125 0.0171875
1 0.62890625 0.86484375 0.01796875 0.01953125
1 0.678125 0.89453125 0.021875 0.02265625
1 0.71796875 0.92578125 0.01796875 0.01171875