1 0.590625 0.20625 0.02265625 0.04765625
1 0.565625 0.64765625 0.03515625 0.03359375
1 0.3984375 0.684375 0.040625 0.0421875
1 0.5421875 0.78984375 0.02109375 0.046875
1 0.559375 0.7578125 0.0234375 0.0375
1 0.67109375 0.746875 0.0328125 0.04453125
1 0.6921875 0.7859375 0.02109375 0.03671875
1 0.89921875 0.7484375 0.03046875 0.028125
1 0.9828125 0.765625 0.02890625 0.0359375
1 0.9578125 0.79296875 0.0171875 0.02109375
1 0.9671875 0.8515625 0.02109375 0.0296875
1 0.99296875 0.8375 0.01328125 0.02890625
0 0.76875 0.821875 0.1375 0.23046875
0 0.2171875 0.62734375 0.18203125 0.27421875
0 0.08671875 0.5515625 0.13984375 0.34921875
0 0.43046875 0.12734375 0.4796875 0.2546875
0 0.1484375 0.07109375 0.08984375 0.14140625
0 0.05078125 0.175 0.10078125 0.165625
1 0.0140625 0.7890625 0.02734375 0.03359375
1 0.5453125 0.96328125 0.046875 0.0734375
1 0.98984375 0.88203125 0.0140625 0.015625
0 0.4875 0.5359375 0.103125 0.15546875
1 0.446875 0.27421875 0.02578125 0.0375