0 0.49921875 0.44296875 0.9984375 0.5359375
0 0.93125 0.24609375 0.1375 0.4921875
1 0.83046875 0.86796875 0.04609375 0.0625
1 0.70859375 0.88359375 0.03046875 0.03671875
1 0.6421875 0.9125 0.0546875 0.06015625
1 0.57109375 0.91640625 0.03046875 0.08671875
1 0.51796875 0.9140625 0.04609375 0.0296875
1 0.47890625 0.946875 0.0328125 0.03359375
1 0.45234375 0.91875 0.03671875 0.0359375
1 0.415625 0.93359375 0.015625 0.02421875
1 0.34921875 0.9375 0.01796875 0.021875
1 0.34296875 0.88828125 0.0296875 0.04296875
1 0.2765625 0.92421875 0.05703125 0.03203125
1 0.1578125 0.9421875 0.06171875 0.04921875