0 0.50546875 0.4890625 0.94921875 0.234375
1 0.65234375 0.14921875 0.0296875 0.0265625
1 0.6609375 0.26328125 0.025 0.04453125
1 0.83984375 0.14609375 0.025 0.0296875
1 0.87265625 0.18203125 0.01796875 0.021875
1 0.86484375 0.20859375 0.021875 0.0296875
1 0.95078125 0.73828125 0.0484375 0.034375
1 0.86953125 0.75390625 0.03359375 0.028125
1 0.83046875 0.78203125 0.025 0.02578125
1 0.78984375 0.75078125 0.02421875 0.0140625
1 0.71328125 0.75625 0.0296875 0.02109375
1 0.753125 0.73359375 0.028125 0.01796875
1 0.77578125 0.7953125 0.13671875 0.09765625
1 0.821875 0.784375 0.02578125 0.015625
1 0.78125 0.8109375 0.02265625 0.02890625
1 0.7484375 0.828125 0.02578125 0.0140625
0 0.74375 0.9484375 0.10234375 0.03671875
1 0.671875 0.93359375 0.02265625 0.02578125
1 0.61015625 0.91640625 0.028125 0.046875
1 0.54375 0.78984375 0.02421875 0.015625
1 0.57578125 0.965625 0.025 0.0203125
1 0.53046875 0.83515625 0.01640625 0.02578125
1 0.64453125 0.8359375 0.02578125 0.01875
1 0.659375 0.81171875 0.0265625 0.01640625
1 0.40390625 0.790625 0.04765625 0.0140625
1 0.4109375 0.815625 0.0296875 0.01796875
1 0.41953125 0.8375 0.0328125 0.01015625
1 0.42421875 0.90703125 0.0328125 0.0203125
1 0.38203125 0.90546875 0.01484375 0.01796875
1 0.36015625 0.9125 0.02109375 0.01328125
1 0.309375 0.9578125 0.028125 0.021875
1 0.33515625 0.9015625 0.015625 0.01640625
1 0.31796875 0.90859375 0.0171875 0.0203125
1 0.3078125 0.834375 0.0171875 0.015625
1 0.2640625 0.87421875 0.0625 0.04140625
1 0.26171875 0.7953125 0.03203125 0.0203125
1 0.2828125 0.8203125 0.02890625 0.01640625
1 0.48125 0.7015625 0.434375 0.0296875
1 0.86484375 0.7 0.2703125 0.05625
1 0.84921875 0.72421875 0.3015625 0.03203125
1 0.121875 0.70234375 0.24375 0.04453125
1 0.18359375 0.74609375 0.04765625 0.01640625
1 0.065625 0.7671875 0.034375 0.01015625
1 0.10703125 0.796875 0.03671875 0.028125
1 0.1375 0.77890625 0.06328125 0.05546875
1 0.1578125 0.8234375 0.02890625 0.02421875
1 0.19140625 0.84140625 0.01640625 0.01015625
1 0.22421875 0.83359375 0.0421875 0.03203125