1 0.09140625 0.0671875 0.03828125 0.034375
1 0.09765625 0.22890625 0.0203125 0.02109375
1 0.11875 0.28984375 0.01953125 0.02265625
1 0.175 0.2796875 0.01796875 0.01953125
1 0.146875 0.17578125 0.0171875 0.03046875
1 0.1953125 0.1265625 0.0234375 0.0265625
1 0.253125 0.0765625 0.0203125 0.03359375
1 0.3109375 0.0171875 0.0203125 0.034375
1 0.46875 0.03203125 0.02734375 0.0296875
1 0.39609375 0.0953125 0.025 0.02734375
1 0.3328125 0.1484375 0.01328125 0.03359375
1 0.2796875 0.19609375 0.02265625 0.02578125
1 0.22734375 0.23828125 0.01953125 0.02578125
1 0.29296875 0.30390625 0.0515625 0.0484375
1 0.38984375 0.2375 0.046875 0.0515625
1 0.50625 0.15390625 0.03203125 0.04453125
1 0.65 0.0421875 0.06015625 0.06796875
0 0.5 0.45 1 0.79296875
1 0.034375 0.96328125 0.0359375 0.06015625