0 0.39609375 0.4234375 0.55 0.1078125
0 0.9171875 0.40703125 0.0625 0.14765625
1 0.21796875 0.1 0.015625 0.01328125
1 0.54609375 0.1203125 0.0171875 0.02734375
1 0.66953125 0.13046875 0.0140625 0.01796875
1 0.6796875 0.27421875 0.01640625 0.01796875
1 0.2921875 0.34453125 0.0140625 0.015625
1 0.21875 0.803125 0.0265625 0.02265625
1 0.22421875 0.8359375 0.02109375 0.025
1 0.10625 0.9359375 0.0140625 0.025
1 0.1125 0.96796875 0.01796875 0.01953125
1 0.1734375 0.95390625 0.021875 0.0171875
1 0.1625 0.9796875 0.01484375 0.02578125
1 0.66640625 0.7453125 0.02265625 0.01640625
1 0.6375 0.790625 0.015625 0.02109375
1 0.5421875 0.890625 0.0140625 0.025
1 0.5734375 0.9203125 0.01171875 0.01328125
1 0.69921875 0.9203125 0.0109375 0.0171875
1 0.58359375 0.94375 0.01171875 0.0171875
1 0.53203125 0.9546875 0.0171875 0.01640625
1 0.5015625 0.9765625 0.01640625 0.0203125