1 0.0546875 0.8828125 0.0328125 0.03515625
1 0.1515625 0.8625 0.0484375 0.03203125
1 0.11875 0.9734375 0.08671875 0.0296875
1 0.2921875 0.9390625 0.01328125 0.02421875
1 0.37421875 0.92890625 0.04375 0.02421875
1 0.4765625 0.91171875 0.03046875 0.0296875
1 0.57734375 0.896875 0.05 0.03046875
1 0.7234375 0.87265625 0.05390625 0.02265625
0 0.159375 0.03125 0.10859375 0.06171875
0 0.37265625 0.12265625 0.0796875 0.075
0 0.56796875 0.215625 0.07890625 0.06171875
0 0.709375 0.29140625 0.08125 0.053125
0 0.82109375 0.34609375 0.05234375 0.05859375
0 0.925 0.39609375 0.0640625 0.0484375