1 0.103125 0.125 0.021875 0.0265625
1 0.22265625 0.12578125 0.0203125 0.03203125
1 0.44140625 0.12265625 0.0234375 0.021875
1 0.546875 0.1203125 0.0296875 0.02109375
1 0.646875 0.11953125 0.02109375 0.0328125
1 0.84609375 0.11875 0.025 0.034375
1 0.81875 0.18515625 0.01796875 0.02734375
1 0.79453125 0.24140625 0.01875 0.02890625
1 0.77421875 0.28828125 0.02109375 0.0265625
1 0.73515625 0.12578125 0.0171875 0.01171875
1 0.69375 0.1359375 0.009375 0.015625
1 0.9234375 0.8515625 0.0453125 0.02265625
1 0.61328125 0.85703125 0.0390625 0.02734375
1 0.2375 0.8734375 0.0171875 0.01640625
1 0.115625 0.91875 0.0265625 0.03046875
1 0.153125 0.91796875 0.0203125 0.0203125
1 0.14453125 0.96484375 0.02109375 0.0328125
1 0.1734375 0.96484375 0.0171875 0.03671875
0 0.5 0.571875 1 0.3765625
1 0.37734375 0.13203125 0.0125 0.02109375
1 0.340625 0.12265625 0.0109375 0.01484375