0 0.99975 0.484603 0.9662694999999999 0.439043 0.059502 0.3595443328125 0.00375 0.3883333328125 0.0100245 0.6354233328125 0.99975 0.689935 0.99975 0.484603
0 0.50703125 0.07890625 0.346875 0.11171875
1 0.5671875 0.2359375 0.06484375 0.0515625
1 0.30859375 0.22421875 0.0453125 0.0421875
1 0.4234375 0.3453125 0.046875 0.02734375
1 0.3390625 0.3265625 0.028125 0.0234375
1 0.65625 0.35078125 0.034375 0.03828125
1 0.36875 0.73671875 0.0453125 0.0796875
1 0.48828125 0.83828125 0.08125 0.09296875
1 0.67578125 0.925 0.13359375 0.12734375
1 0.25234375 0.83125 0.0578125 0.02890625
1 0.19765625 0.8828125 0.04453125 0.02578125
1 0.11171875 0.9203125 0.02109375 0.03046875
1 0.940625 0.91953125 0.075 0.1609375