0 0.221875 0.03671875 0.44375 0.0734375
1 0.14140625 0.09375 0.0828125 0.04296875
1 0.3609375 0.065625 0.0875 0.040625
1 0.58828125 0.0375 0.08125 0.034375
1 0.84140625 0.0109375 0.078125 0.021875
1 0.090625 0.6984375 0.0265625 0.0375
1 0.3421875 0.7015625 0.04140625 0.059375
1 0.0453125 0.1765625 0.0234375 0.0328125
1 0.10234375 0.16953125 0.025 0.0328125
1 0.1609375 0.16484375 0.02421875 0.02890625
1 0.22109375 0.1578125 0.0265625 0.028125
1 0.2828125 0.14921875 0.0203125 0.02890625
1 0.34140625 0.14765625 0.02734375 0.02890625
1 0.40078125 0.13671875 0.02421875 0.02421875
1 0.4640625 0.1328125 0.0203125 0.028125
1 0.5234375 0.125 0.02109375 0.0296875
1 0.5859375 0.11328125 0.021875 0.02890625
1 0.65234375 0.103125 0.034375 0.0296875
1 0.72109375 0.0984375 0.01484375 0.0265625
1 0.7859375 0.0890625 0.01953125 0.02734375
1 0.859375 0.08046875 0.01875 0.021875
1 0.93125 0.0734375 0.0203125 0.0296875
1 0.9375 0.165625 0.0296875 0.0171875
1 0.8734375 0.17109375 0.03359375 0.02578125
1 0.79921875 0.17890625 0.0265625 0.03203125
1 0.73203125 0.18046875 0.03359375 0.03046875
1 0.603125 0.20234375 0.01953125 0.021875
1 0.475 0.2140625 0.0203125 0.021875
1 0.421875 0.2203125 0.0265625 0.0296875
1 0.35625 0.221875 0.0328125 0.0375
1 0.24609375 0.2359375 0.025 0.02265625
1 0.18671875 0.24140625 0.0234375 0.03671875
1 0.128125 0.246875 0.01640625 0.02109375
1 0.0796875 0.24765625 0.0265625 0.02578125
1 0.04140625 0.5046875 0.03046875 0.0421875
1 0.10625 0.5 0.0265625 0.03671875
1 0.1609375 0.49453125 0.02109375 0.0328125
1 0.2203125 0.48984375 0.01875 0.0328125
1 0.2875 0.490625 0.0265625 0.034375
1 0.34765625 0.4796875 0.0203125 0.02890625
1 0.41015625 0.48046875 0.02734375 0.02734375
1 0.46875 0.475 0.025 0.0296875
1 0.5359375 0.47421875 0.02421875 0.03828125
1 0.60078125 0.46875 0.0296875 0.034375
1 0.7390625 0.4578125 0.03046875 0.0421875
1 0.8140625 0.45859375 0.028125 0.04296875
1 0.8875 0.4515625 0.028125 0.03359375
1 0.9671875 0.44765625 0.0234375 0.03515625