0 0.754331 0.068047 0.24811524999999998 0.34779933281250003 0.23767100000000002 0.4074283328125 0.75296875 0.1566863328125 0.754331 0.068047
1 0.52265625 0.48203125 0.13515625 0.0671875
1 0.65234375 0.3921875 0.078125 0.0875
0 0.998706 0.7389713328124999 0.99949225 0.530879 0.42249499999999995 0.678815 0.4221045 0.6701953328125 0.425371 0.8143033328125 0.998706 0.7389713328124999
0 0.1943165 0.7599090000000001 0.19457525 0.7576563328125 0.174751 0.8792186671875 0.35663575000000003 0.857513 0.36624500000000004 0.718991 0.1943165 0.7599090000000001
0 0.1453515 0.8361326671875 0.17198249999999998 0.7709376671875 0.02184075 0.7999153328124999 0.01994625 0.8033073328125001 0.014038 0.8488736671874999 0.1453515 0.8361326671875
1 0.93203125 0.390625 0.084375 0.08359375
1 0.325 0.95625 0.15078125 0.08515625
1 0.84921875 0.9453125 0.3015625 0.109375
1 0.559375 0.83203125 0.07421875 0.040625
1 0.7375 0.79375 0.0375 0.0203125
1 0.040625 0.5421875 0.03515625 0.05390625
1 0.09555675 0.1329363328125 0.09851075000000001 0.048450667187500004 0.00794925 0.0901953328125 0.0081445 0.09265633281249999 0.00011724999999999999 0.1791536671875 0.09555675 0.1329363328125
1 0.6514012499999999 0.0210156671875 0.634546 0 0.45906250000000004 0.0956183328125 0.46097175 0.1034766671875 0.463877 0.13565100000000002 0.6514012499999999 0.0210156671875
1 0.28359375 0.50625 0.0203125 0.02890625