0 0.6453125 0.4890625 0.15078125 0.32734375
0 0.72421875 0.86953125 0.1265625 0.2609375
0 0.7859375 0.70859375 0.02265625 0.096875
0 0.81640625 0.803125 0.03515625 0.05546875
0 0.8296875 0.75234375 0.0625 0.0375
0 0.36328125 0.79921875 0.04453125 0.4015625
1 0.2734375 0.490625 0.04375 0.03515625
1 0.37421875 0.54921875 0.0328125 0.0390625
1 0.43203125 0.584375 0.034375 0.02890625
1 0.35703125 0.05546875 0.0390625 0.03828125
1 0.39921875 0.1140625 0.0359375 0.03515625
1 0.43671875 0.16328125 0.02890625 0.02890625
1 0.47734375 0.20625 0.0296875 0.0359375
1 0.50390625 0.24765625 0.025 0.02578125