0 0.52109375 0.47265625 0.82265625 0.49453125
1 0.16640625 0.921875 0.05078125 0.0609375
1 0.15703125 0.98203125 0.034375 0.0359375
1 0.23046875 0.9125 0.0390625 0.04765625
1 0.29609375 0.9203125 0.0484375 0.0390625
1 0.3296875 0.984375 0.03046875 0.03125
1 0.396875 0.9203125 0.05234375 0.0375
1 0.53125 0.91796875 0.0421875 0.0265625
1 0.51796875 0.97578125 0.02890625 0.02890625
1 0.62421875 0.91640625 0.04609375 0.034375
1 0.71875 0.9203125 0.04921875 0.0375
1 0.7890625 0.91796875 0.0390625 0.0359375
1 0.73125 0.82890625 0.0390625 0.04921875