0 0.94425775 0.2202213328125 0.14861825 0.323841 0.092334 0.7284896671875 0.9945995 0.6601953328125 0.94425775 0.2202213328125
1 0.325 0.83984375 0.06484375 0.05703125
1 0.778125 0.825 0.10625 0.06640625
1 0.77890625 0.9203125 0.06328125 0.0375
1 0.78828125 0.9875 0.02578125 0.025
1 0.42734375 0.93515625 0.0640625 0.03671875
1 0.50546875 0.99140625 0.05078125 0.01640625
1 0.14765625 0.859375 0.0453125 0.04453125
1 0.234375 0.91796875 0.03359375 0.0296875
1 0.296875 0.959375 0.0265625 0.03515625
1 0.3484375 0.98671875 0.0234375 0.02421875