0 0.425 0.2296875 0.5046875 0.45859375
0 0.43203125 0.596875 0.65078125 0.48203125
0 0.0421875 0.378125 0.0578125 0.09765625
0 0.146875 0.4140625 0.06015625 0.0640625
1 0.62578125 0.77421875 0.08828125 0.1125
1 0.696875 0.8890625 0.02265625 0.0453125
1 0.565625 0.9046875 0.0296875 0.0390625
1 0.48828125 0.7953125 0.028125 0.0359375
1 0.4515625 0.8625 0.03984375 0.04453125
1 0.4453125 0.9234375 0.0265625 0.02421875
1 0.36875 0.86953125 0.02265625 0.04140625
1 0.33671875 0.8609375 0.02421875 0.028125
1 0.26875 0.89375 0.01953125 0.02109375
1 0.296875 0.9140625 0.05234375 0.05546875