0 0.678125 0.51171875 0.3953125 0.25234375
1 0.9546875 0.43671875 0.090625 0.0734375
1 0.98125 0.8640625 0.0375 0.05
1 0.57578125 0.82109375 0.06171875 0.0421875
1 0.05859375 0.80078125 0.0578125 0.053125
1 0.02265625 0.8515625 0.04140625 0.0453125
1 0.7828125 0.3375 0.06953125 0.05234375
1 0.6078125 0.29453125 0.0625 0.05078125
1 0.409375 0.24453125 0.07109375 0.06640625
1 0.17890625 0.19453125 0.07265625 0.07578125
1 0.46171875 0.10078125 0.06015625 0.05703125
1 0.8296875 0.0578125 0.02578125 0.02890625
1 0.98125 0.12109375 0.03671875 0.05078125