0 0.9777782500000001 0.20097 0.0551855 0.682845 0.02317875 0.841888 0.99131825 0.49778 0.999419 0.3014386671875 0.9777782500000001 0.20097
1 0.309375 0.784375 0.05625 0.0296875
1 0.17421875 0.80859375 0.059375 0.03125
1 0.5765625 0.78125 0.06484375 0.03984375
1 0.97421875 0.68203125 0.0515625 0.05703125
1 0.4265625 0.82578125 0.07265625 0.04453125
1 0.790625 0.159375 0.0359375 0.0484375
1 0.311172 0.3847266671875 0.3192675 0.2609896671875 0.25125000000000003 0.3183333328125 0.311172 0.3847266671875
1 0.6709324999999999 0 0.43375 0.1716666671875 0.4387255 0.23030599999999998 0.7214845000000001 0.0044986671875 0.6709324999999999 0
1 0.32409175 0.003978000000000001 0.3105175 0 0.0925 0.2033333328125 0.09444825 0.20621733281250001 0.09942875 0.23776033281250003 0.32409175 0.003978000000000001
1 0.71484375 0.94296875 0.04140625 0.0328125
1 0.80234375 0.98046875 0.03046875 0.02734375
1 0.14140625 0.88671875 0.2046875 0.04296875