0 0.4765625 0.55234375 0.953125 0.6296875
1 0.7953125 0.61875 0.0390625 0.02109375
1 0.5828125 0.68984375 0.02890625 0.0296875
1 0.40390625 0.74453125 0.028125 0.02890625
1 0.26875 0.784375 0.01796875 0.02265625
1 0.15859375 0.82265625 0.01953125 0.03203125
1 0.065625 0.8546875 0.02109375 0.02578125
1 0.909375 0.8890625 0.0765625 0.03046875
1 0.76875 0.909375 0.06015625 0.02265625
1 0.77265625 0.97109375 0.0578125 0.021875
1 0.70703125 0.79296875 0.5859375 0.19765625
0 0.215625 0.10078125 0.259375 0.2015625