0 0.09609375 0.09609375 0.11171875 0.1328125
0 0.3421875 0.19375 0.12109375 0.146875
0 0.54140625 0.25078125 0.06328125 0.0484375
0 0.71796875 0.31328125 0.0328125 0.05625
0 0.8421875 0.36484375 0.03203125 0.04609375
0 0.94140625 0.39765625 0.04609375 0.03125
0 0.94375 0.46015625 0.03203125 0.03046875
0 0.9 0.5078125 0.0375 0.0453125
0 0.790625 0.11796875 0.02890625 0.03359375
0 0.9140625 0.25703125 0.05546875 0.053125
0 0.58046875 0.0203125 0.06640625 0.03671875
0 0.99975 0.67556 0.99655275 0.6094269999999999 0.8891455 0.664655 0.8584667500000001 0.6955533328125 0.8648975 0.7345506671875001 0.99975 0.67556
1 0.3453125 0.78671875 0.19375 0.0828125