1 0.8921875 0.15390625 0.0515625 0.04765625
1 0.6578125 0.25078125 0.04765625 0.046875
1 0.47265625 0.33203125 0.0484375 0.03984375
1 0.33828125 0.4046875 0.053125 0.05
1 0.21328125 0.43359375 0.04296875 0.03984375
1 0.115625 0.48984375 0.040625 0.04453125
1 0.6359375 0.75 0.646875 0.11328125
1 0.61484375 0.9046875 0.03984375 0.03203125
0 0.54921875 0.9625 0.096875 0.0609375
1 0.07109375 0.97890625 0.05078125 0.0421875
1 0.77265625 0.925 0.028125 0.028125
1 0.6984375 0.953125 0.02265625 0.02890625