0 0.2 0.1265625 0.1625 0.253125
0 0.63203125 0.5296875 0.6765625 0.43359375
0 0.0859375 0.5703125 0.15390625 0.11015625
1 0.2328125 0.89765625 0.10625 0.071875
1 0.3109375 0.90234375 0.0375 0.03828125
1 0.36796875 0.90390625 0.04140625 0.03515625
1 0.8078125 0.91640625 0.03359375 0.0234375
1 0.75078125 0.9125 0.03125 0.03203125
1 0.68203125 0.91171875 0.0359375 0.03359375
1 0.4359375 0.9046875 0.0421875 0.0296875
1 0.14453125 0.9296875 0.0640625 0.0765625
1 0.0671875 0.95390625 0.08515625 0.071875