1 0.01796875 0.5234375 0.0359375 0.30078125
1 0.06796875 0.4921875 0.040625 0.034375
1 0.1984375 0.446875 0.0515625 0.0296875
1 0.35390625 0.39375 0.05546875 0.034375
1 0.5328125 0.3203125 0.0578125 0.0375
1 0.771875 0.23203125 0.06875 0.05703125
1 0.58671875 0.06328125 0.03359375 0.03359375
1 0.29296875 0.1703125 0.0296875 0.05
1 0.1171875 0.0890625 0.03515625 0.02734375
0 0.89921875 0.42109375 0.20078125 0.34921875
0 0.4015625 0.5296875 0.72109375 0.43671875
1 0.8625 0.771875 0.146875 0.06640625
1 0.815625 0.86640625 0.02890625 0.03359375
1 0.31953125 0.90078125 0.034375 0.025
1 0.46171875 0.896875 0.03046875 0.040625
1 0.98671875 0.8359375 0.0265625 0.03515625