0 0.5921875 0.25078125 0.7296875 0.190625
0 0.03359375 0.42109375 0.0671875 0.19140625
0 0.0390625 0.81015625 0.078125 0.3671875
0 0.478125 0.67890625 0.5765625 0.1078125
0 0.9703125 0.73671875 0.05078125 0.1109375
1 0.99140625 0.890625 0.0171875 0.034375
1 0.96484375 0.88359375 0.0203125 0.0265625
1 0.8921875 0.88046875 0.02109375 0.03046875
1 0.80078125 0.87578125 0.01640625 0.02734375
1 0.1421875 0.88125 0.02421875 0.02265625
1 0.221875 0.88125 0.01796875 0.0328125
1 0.2671875 0.89765625 0.01171875 0.01953125
1 0.29296875 0.87890625 0.0140625 0.02421875
1 0.3328125 0.896875 0.0109375 0.02109375
1 0.37578125 0.878125 0.0140625 0.01640625
1 0.4046875 0.896875 0.0140625 0.0203125
1 0.4578125 0.878125 0.0140625 0.0203125
1 0.478125 0.896875 0.0109375 0.0234375
1 0.540625 0.87734375 0.0171875 0.025
1 0.54921875 0.896875 0.01796875 0.01953125
1 0.621875 0.8890625 0.0140625 0.04765625
1 0.6453125 0.88203125 0.0078125 0.0203125
1 0.71171875 0.87734375 0.01796875 0.02734375
1 0.69921875 0.89609375 0.0109375 0.01484375
1 0.77421875 0.8953125 0.015625 0.0171875