0 0.0421875 0.72109375 0.0625 0.27578125
0 0.5 0.46640625 0.428125 0.48671875
1 0.2453125 0.6046875 0.0296875 0.02578125
1 0.275 0.56953125 0.02734375 0.025
1 0.315625 0.52890625 0.034375 0.03203125
1 0.36015625 0.4859375 0.03046875 0.028125
1 0.403125 0.43671875 0.034375 0.02734375
1 0.453125 0.38984375 0.0421875 0.0265625
1 0.509375 0.33515625 0.040625 0.03671875
1 0.5625 0.27734375 0.03671875 0.03828125
1 0.6265625 0.21796875 0.0453125 0.0359375
1 0.771875 0.06953125 0.04921875 0.0546875
1 0.3328125 0.3859375 0.03359375 0.0328125
1 0.9546875 0.97734375 0.0703125 0.028125
1 0.87890625 0.940625 0.2421875 0.11796875
1 0.5109375 0.309375 0.62578125 0.61796875