0 0.4921875 0.39609375 0.6015625 0.721875
1 0.79375 0.7640625 0.0515625 0.028125
1 0.871875 0.78671875 0.0484375 0.0265625
1 0.77578125 0.815625 0.04140625 0.02421875
1 0.709375 0.853125 0.05703125 0.0265625
1 0.6109375 0.83359375 0.05234375 0.0296875
1 0.240625 0.92265625 0.04296875 0.0125
1 0.36171875 0.87578125 0.040625 0.02421875
1 0.42578125 0.88984375 0.0265625 0.02578125
1 0.34375 0.91171875 0.03046875 0.0140625
1 0.325 0.9359375 0.03046875 0.02578125
1 0.36640625 0.940625 0.0234375 0.0140625
1 0.72578125 0.990625 0.0265625 0.01796875
1 0.62578125 0.98515625 0.03203125 0.02109375
1 0.6640625 0.9890625 0.025 0.021875
0 0.0203125 0.621875 0.040625 0.11875