1 0.05859375 0.15078125 0.03828125 0.034375
1 0.11640625 0.096875 0.03828125 0.03984375
1 0.19765625 0.03125 0.0515625 0.0421875
1 0.1046875 0.378125 0.0328125 0.03359375
1 0.13125 0.35703125 0.01953125 0.0296875
1 0.16640625 0.33671875 0.03203125 0.02890625
1 0.20859375 0.31640625 0.03046875 0.028125
1 0.25234375 0.2921875 0.034375 0.03359375
1 0.2890625 0.2671875 0.03046875 0.02578125
1 0.346875 0.2390625 0.0390625 0.0296875
1 0.39296875 0.20546875 0.02734375 0.015625
1 0.440625 0.16875 0.028125 0.02421875
1 0.49375 0.12578125 0.0171875 0.03125
1 0.5640625 0.09765625 0.0203125 0.01796875
1 0.6390625 0.04921875 0.040625 0.03984375
1 0.7078125 0.00859375 0.0515625 0.01640625
1 0.96015625 0.14921875 0.065625 0.05859375
1 0.7578125 0.24375 0.05390625 0.05703125
1 0.584375 0.3296875 0.05390625 0.04921875
1 0.4453125 0.403125 0.040625 0.0453125
1 0.3265625 0.44296875 0.0484375 0.04453125
1 0.23203125 0.4984375 0.04921875 0.0609375
1 0.13671875 0.534375 0.04140625 0.04921875
1 0.06796875 0.56953125 0.0421875 0.034375
1 0.01171875 0.59921875 0.0234375 0.0359375
1 0.4390625 0.8609375 0.51796875 0.1
1 0.865625 0.91015625 0.03515625 0.0359375
1 0.90546875 0.9046875 0.02109375 0.0296875
1 0.94765625 0.909375 0.02421875 0.04296875
1 0.971875 0.934375 0.01484375 0.02890625
1 0.93359375 0.9703125 0.01484375 0.0390625
1 0.71484375 0.9171875 0.0140625 0.03203125
1 0.68359375 0.91640625 0.02578125 0.0234375
1 0.678125 0.959375 0.02421875 0.04765625
1 0.6296875 0.95234375 0.02109375 0.0375
1 0.57734375 0.98125 0.02109375 0.03359375
1 0.49765625 0.9828125 0.0234375 0.0234375
1 0.421875 0.96875 0.04296875 0.0265625