1 0.61171875 0.0453125 0.153125 0.08984375
1 0.575 0.18046875 0.16015625 0.0984375
1 0.96171875 0.5203125 0.0765625 0.1078125
1 0.9015625 0.66640625 0.096875 0.1078125
1 0.82109375 0.8109375 0.075 0.10390625
1 0.76015625 0.9375 0.0734375 0.1
1 0.54453125 0.3265625 0.18828125 0.11484375
1 0.51015625 0.4578125 0.1734375 0.1
1 0.45390625 0.58515625 0.18203125 0.0921875
1 0.4234375 0.68515625 0.13359375 0.1046875
1 0.4234375 0.79765625 0.13359375 0.08984375
1 0.35546875 0.8890625 0.11171875 0.0796875
1 0.27265625 0.953125 0.13515625 0.0859375