0 0.50859375 0.51015625 0.75859375 0.3953125
1 0.95546875 0.8078125 0.02421875 0.02890625
1 0.98984375 0.7921875 0.0203125 0.040625
1 0.846875 0.7265625 0.05078125 0.0203125
1 0.79296875 0.81171875 0.02734375 0.03203125
1 0.7109375 0.771875 0.0296875 0.0265625
1 0.5125 0.76796875 0.03203125 0.02578125
1 0.57578125 0.80625 0.0234375 0.02578125
1 0.5140625 0.80859375 0.025 0.0203125
1 0.259375 0.8046875 0.0234375 0.028125
1 0.2328125 0.83046875 0.02265625 0.0234375
1 0.0296875 0.85859375 0.0375 0.04765625