1 0.909375 0.86328125 0.0484375 0.03671875
1 0.5890625 0.88515625 0.0390625 0.02421875
1 0.32578125 0.98359375 0.0265625 0.0328125
1 0.22265625 0.94453125 0.025 0.02265625
1 0.25 0.94375 0.0125 0.0171875
1 0.06953125 0.01328125 0.03359375 0.0265625
1 0.04765625 0.28046875 0.02265625 0.034375
1 0.03515625 0.33671875 0.01484375 0.0265625
1 0.08984375 0.375 0.0171875 0.0265625
1 0.11640625 0.25390625 0.0171875 0.021875
1 0.1484375 0.27109375 0.01484375 0.025
1 0.2015625 0.2453125 0.02109375 0.0203125
1 0.2890625 0.22265625 0.025 0.025
1 0.38125 0.2015625 0.015625 0.0296875
1 0.40390625 0.190625 0.0109375 0.0140625
1 0.44296875 0.19296875 0.02109375 0.01640625
1 0.47890625 0.17421875 0.0203125 0.02890625
1 0.578125 0.15078125 0.0234375 0.028125
1 0.8796875 0.07734375 0.02265625 0.040625
1 0.99453125 0.06171875 0.0109375 0.046875
1 0.74375 0.128125 0.015625 0.02265625
1 0.7796875 0.10703125 0.01875 0.02109375