0 0.8717577500000001 0.48550133281249996 0.008749999999999999 0.13999999999999999 0 0.5132293328124999 0.87376475 0.6683593328125 0.8717577500000001 0.48550133281249996
0 0.15625 0.5766666671875 0.17141125 0.7278516671874999 0.5973094999999999 0.7059960000000001 0.60646 0.634121 0.15625 0.5766666671875
0 0 0.7163736671875001 0.082705 0.72834 0.09703625 0.6908463328125001 0 0.6701236671874999 0 0.7163736671875001
1 0.375 0.89921875 0.534375 0.1921875
0 0.9109130000000001 0.708496 0.8975 0.705 0.9136279999999999 0.7871093328125001 0.953413 0.7638866671875 0.94692875 0.7070443328125 0.9109130000000001 0.708496
0 0.9352977499999999 0.2970313328125 0.8317577500000001 0.247793 0.7867237499999999 0.286517 0.8100194999999999 0.37602199999999997 0.86702625 0.3584113328125 0.9426855 0.398431 0.9352977499999999 0.2970313328125
0 0.93671875 0.23359375 0.06875 0.12734375
0 0.6969237500000001 0.2435936671875 0.3 0 0.13226074999999998 0.009349 0.6922315 0.3023243328125 0.6969237500000001 0.2435936671875
1 0.22109375 0.10703125 0.0671875 0.04765625
1 0.384375 0.2015625 0.06796875 0.06328125
1 0.51875 0.26484375 0.05078125 0.06328125
1 0.61875 0.303125 0.03671875 0.0421875
1 0.72109375 0.36015625 0.03984375 0.05
1 0.784375 0.384375 0.034375 0.0328125