1 0.050249999999999996 0.11399999999999999 0.048 0.1146666671875 0.0465 0.12 0.049 0.1183333328125 0.0505 0.11499999999999999 0.050249999999999996 0.11399999999999999
1 0.06625 0 0.0665 0.008666667187500001 0.06725 0.009 0.06775 0.0053333328125 0.0715 0.007000000000000001 0.068 0.005 0.06725 0 0.06625 0
1 0.051000000000000004 0.044666667187499995 0.050361110937499995 0.0250740734375 0.050249999999999996 0.027000000000000003 0.04625 0.0286666671875 0.042249999999999996 0.028000000000000004 0.041749999999999995 0.029666667187500002 0.03775 0.0326666671875 0.03925 0.0356666671875 0.040999999999999995 0.0343333328125 0.0445 0.0353333328125 0.0485 0.034 0.0495 0.0356666671875 0.0495 0.0433333328125 0.051000000000000004 0.044666667187499995
1 0.04325 0.0606666671875 0.04425 0.0586666671875 0.04425 0.0516666671875 0.04 0.048 0.0395 0.038 0.0385 0.038 0.039 0.048 0.0375 0.05933333281249999 0.03825 0.0606666671875 0.04325 0.0606666671875
1 0.0235 0.038 0.021249999999999998 0.037 0.0215 0.049333332812500005 0.0245 0.0543333328125 0.024 0.0406666671875 0.0235 0.038
1 0.028499999999999998 0.0283333328125 0.028999999999999998 0.0356666671875 0.034999999999999996 0.0356666671875 0.034999999999999996 0.028000000000000004 0.028499999999999998 0.0283333328125
1 0.02 0 0.0195 0.002 0.01675 0.002 0.0165 0.004 0.0195 0.0043333328125 0.0195 0.0153333328125 0.020499999999999997 0.014333332812499999 0.022 0.017333332812499998 0.02475 0.017333332812499998 0.0225 0.015 0.02325 0.011 0.02475 0.0106666671875 0.0245 0.0023333328125 0.0235 0 0.02 0
1 0.0235 0.0256666671875 0.02275 0.023 0.0215 0.0226666671875 0.021249999999999998 0.0283333328125 0.0225 0.029666667187500002 0.0235 0.0283333328125 0.0235 0.0256666671875
1 0.02325 0.030666667187500003 0.021249999999999998 0.030666667187500003 0.020999999999999998 0.0363333328125 0.02275 0.0363333328125 0.0235 0.0353333328125 0.02325 0.030666667187500003
1 0.21000000000000002 0.0796666671875 0.21000000000000002 0.093 0.21125 0.09066666718750001 0.21125 0.0813333328125 0.21000000000000002 0.0796666671875
1 0.0245 0.0733333328125 0.0225 0.073 0.023 0.08499999999999999 0.0245 0.0846666671875 0.02475 0.0773333328125 0.0245 0.0733333328125
1 0.0245 0.057999999999999996 0.023 0.05500000000000001 0.0215 0.0556666671875 0.0225 0.0663333328125 0.0245 0.062333332812499996 0.0245 0.057999999999999996
1 0.028249999999999997 0.067 0.026000000000000002 0.0666666671875 0.02525 0.06833333281250001 0.0245 0.0716666671875 0.028249999999999997 0.0706666671875 0.028999999999999998 0.06899999999999999 0.028249999999999997 0.067
1 0.07975 0.027000000000000003 0.08 0.056333332812500005 0.08125 0.06833333281250001 0.08125 0.0283333328125 0.07975 0.027000000000000003
1 0.08675000000000001 0.051000000000000004 0.08725000000000001 0.0336666671875 0.086 0.0333333328125 0.08549999999999999 0.0586666671875 0.0865 0.0596666671875 0.08775 0.057333332812500006 0.08675000000000001 0.051000000000000004
1 0.0905 0.0326666671875 0.08925 0.0286666671875 0.08875 0.034 0.08925 0.0416666671875 0.09 0.041999999999999996 0.0905 0.0326666671875
1 0.17775000000000002 0.0636666671875 0.177 0.063 0.17675000000000002 0.064 0.1765 0.0723333328125 0.1775 0.0763333328125 0.17825 0.068 0.17775000000000002 0.0636666671875
1 0.058750000000000004 0.0513333328125 0.058750000000000004 0.0546666671875 0.06425 0.0546666671875 0.067 0.063 0.0685 0.064 0.067 0.0666666671875 0.067 0.0726666671875 0.06725 0.0823333328125 0.06875 0.08399999999999999 0.06875 0.062333332812499996 0.06775 0.06 0.06875 0.059 0.06949999999999999 0.054000000000000006 0.06825 0.0503333328125 0.06949999999999999 0.038333332812499996 0.068 0.0356666671875 0.068 0.030666667187500003 0.06625 0.030666667187500003 0.064 0.0283333328125 0.064 0.0436666671875 0.0635 0.0453333328125 0.060750000000000005 0.0463333328125 0.058750000000000004 0.0513333328125
1 0.05600000000000001 0.054000000000000006 0.05275 0.0513333328125 0.053500000000000006 0.0453333328125 0.050749999999999997 0.045666667187499996 0.050249999999999996 0.047333332812500004 0.052000000000000005 0.049333332812500005 0.051500000000000004 0.0546666671875 0.05600000000000001 0.054000000000000006
1 0.096 0.065 0.094 0.065 0.09275 0.06999999999999999 0.091 0.07133333281250001 0.09075 0.073 0.09725 0.073 0.09775 0.0666666671875 0.096 0.065
1 0.0945 0.05600000000000001 0.0935 0.0633333328125 0.09875 0.0636666671875 0.099 0.05600000000000001 0.0945 0.05600000000000001
1 0.1065 0.0836666671875 0.10874999999999999 0.08299999999999999 0.11325 0.08499999999999999 0.11374999999999999 0.0773333328125 0.11125 0.075 0.10600000000000001 0.075 0.10625 0.0806666671875 0.1045 0.0846666671875 0.10625 0.08499999999999999 0.1065 0.0836666671875
1 0.11000000000000001 0.06 0.10625 0.0606666671875 0.10600000000000001 0.066 0.11074999999999999 0.0676666671875 0.11200000000000002 0.0616666671875 0.11000000000000001 0.06
1 0.10825 0.049 0.10625 0.047 0.10475000000000001 0.047333332812500004 0.1045 0.0526666671875 0.1085 0.0533333328125 0.10925 0.0516666671875 0.10825 0.049
1 0.11599999999999999 0.06733333281250001 0.1135 0.066 0.10900000000000001 0.0716666671875 0.10900000000000001 0.073 0.1145 0.0726666671875 0.11574999999999999 0.07133333281250001 0.11599999999999999 0.06733333281250001
1 0.133 0.07566666718750001 0.13274999999999998 0.0716666671875 0.1315 0.0706666671875 0.12625 0.0706666671875 0.12475 0.073 0.12450000000000001 0.078 0.12525 0.0793333328125 0.1315 0.0783333328125 0.133 0.07566666718750001
1 0 0.0726666671875 0.00775 0.0726666671875 0.009 0.06733333281250001 0.006750000000000001 0.0676666671875 0.00475 0.063 0.0017500000000000003 0.0626666671875 0 0.063 0 0.0726666671875
1 0.08775 0.0876666671875 0.09275 0.0893333328125 0.09325 0.0806666671875 0.0915 0.0783333328125 0.08525 0.078 0.08349999999999999 0.0803333328125 0.08375 0.08199999999999999 0.08275 0.08299999999999999 0.08349999999999999 0.08966666718750001 0.08775 0.0876666671875
1 0.10874999999999999 0.11699999999999999 0.11225 0.1143333328125 0.12175 0.11699999999999999 0.12125 0.10933333281249999 0.12250000000000001 0.10400000000000001 0.11950000000000001 0.10066666718749999 0.11725000000000001 0.1 0.1105 0.10066666718749999 0.10674999999999998 0.10333333281249998 0.1085 0.1116666671875 0.1075 0.1163333328125 0.10874999999999999 0.11699999999999999
1 0.077 0.11333333281249999 0.07875 0.11299999999999999 0.08575 0.1143333328125 0.08625000000000001 0.11599999999999999 0.088 0.1163333328125 0.08925 0.1126666671875 0.089 0.10366666718749999 0.09 0.10266666718749999 0.087 0.10166666718749999 0.08625000000000001 0.0996666671875 0.08425 0.0986666671875 0.077 0.0996666671875 0.07675 0.10300000000000001 0.07575 0.10500000000000001 0.0745 0.10466666718749999 0.07325000000000001 0.11100000000000002 0.0735 0.1163333328125 0.07525 0.1163333328125 0.07675 0.1153333328125 0.077 0.11333333281249999
1 0.05625 0.846875 0.0203125 0.0296875
1 0.16484375 0.90625 0.02265625 0.059375
1 0.40078125 0.6984375 0.0265625 0.034375
1 0.55078125 0.71953125 0.02109375 0.0390625
1 0.7109375 0.73671875 0.025 0.04453125
1 0.796875 0.73828125 0.02109375 0.03984375
1 0.87109375 0.75546875 0.0328125 0.040625
1 0.240625 0.81953125 0.02421875 0.02890625