0 0.396875 0.76328125 0.4390625 0.42265625
0 0.7640625 0.4984375 0.2 0.25703125
0 0.54375 0.28359375 0.6296875 0.56640625
1 0.728125 0.0203125 0.05078125 0.03984375
1 0.64375 0.10234375 0.03046875 0.0453125
1 0.5703125 0.18203125 0.0390625 0.04296875
1 0.50625 0.25078125 0.0296875 0.04453125
1 0.44375 0.31640625 0.0375 0.0359375
1 0.39375 0.37265625 0.0296875 0.04921875
1 0.3421875 0.42265625 0.0296875 0.0359375
1 0.29375 0.4734375 0.028125 0.034375
1 0.2484375 0.52109375 0.025 0.02578125
1 0.20625 0.56171875 0.0203125 0.03359375
1 0.1734375 0.5984375 0.0203125 0.02734375