0 0.64296875 0.45234375 0.303125 0.26875
0 0.1125 0.46875 0.22421875 0.12265625
0 0 0.3987826671875 0.02336925 0.41275399999999995 0.03273925 0.3382293328125 0 0.3183333328125 0 0.3987826671875
0 0.040625 0.0875 0.08125 0.165625
1 0.25859375 0.26171875 0.06796875 0.06015625
1 0.5234375 0.1359375 0.0640625 0.065625
1 0.23017574999999998 0.1876366671875 0.34305175 0.2701886671875 0.3401905 0.2390103328125 0.25633300000000003 0.1651366671875 0.23017574999999998 0.1876366671875
1 0.15995600000000001 0.229284 0.29978025 0.320384 0.3097755 0.28680333281250003 0.18340325 0.2103516671875 0.15995600000000001 0.229284
0 0.0921875 0.93046875 0.18203125 0.13828125
1 0.8078125 0.85234375 0.10859375 0.0671875
1 0.959375 0.7578125 0.0359375 0.0390625
1 0.5234375 0.85078125 0.275 0.11875