0 0.52578125 0.42890625 0.94609375 0.17578125
0 0.95859375 0.13203125 0.0828125 0.2578125
0 0.10546875 0.15078125 0.08046875 0.2921875
1 0.34453125 0.14375 0.1046875 0.05078125
1 0.253125 0.1 0.05546875 0.0359375
1 0.2484375 0.01328125 0.03515625 0.02578125
1 0.371875 0.00859375 0.0109375 0.01640625
1 0.403125 0.09296875 0.03203125 0.0359375
1 0.459375 0.14453125 0.02578125 0.02890625
1 0.50625 0.08671875 0.02265625 0.0234375
1 0.61015625 0.07109375 0.01484375 0.01484375
1 0.6453125 0.1125 0.0125 0.01484375
1 0.78125 0.11953125 0.13046875 0.15625
1 0.63671875 0.20625 0.03046875 0.02265625
1 0.5953125 0.159375 0.01484375 0.0125
1 0.50078125 0.1765625 0.01171875 0.02265625
1 0.55 0.2234375 0.0390625 0.03828125
1 0.35859375 0.1796875 0.03515625 0.02578125
1 0.40078125 0.20390625 0.02421875 0.02109375
1 0.453125 0.2421875 0.040625 0.02734375
1 0.0078125 0.03984375 0.015625 0.0265625
1 0.05546875 0.13125 0.0125 0.03203125
1 0.5296875 0.7125 0.76484375 0.16484375