1 0.07890625 0.16796875 0.05390625 0.05703125
1 0.178125 0.1625 0.053125 0.0546875
1 0.271875 0.1625 0.05 0.05234375
1 0.36640625 0.16171875 0.03828125 0.05
1 0.46484375 0.1578125 0.0359375 0.05078125
1 0.5546875 0.15703125 0.03359375 0.065625
1 0.65859375 0.1515625 0.03203125 0.05
1 0.75859375 0.14921875 0.0328125 0.05859375
1 0.86015625 0.1453125 0.03984375 0.05546875
1 0.953125 0.1359375 0.05078125 0.06015625
0 0.56484375 0.2421875 0.82421875 0.115625
1 0.5015625 0.30859375 0.996875 0.0515625
1 0.7015625 0.440625 0.0296875 0.02578125
1 0.74609375 0.45 0.0234375 0.0265625
1 0.76796875 0.48515625 0.0234375 0.0296875
1 0.8171875 0.4328125 0.02421875 0.02109375
1 0.79765625 0.490625 0.015625 0.02109375
1 0.87578125 0.3859375 0.02734375 0.0421875
1 0.95234375 0.42578125 0.01796875 0.028125
1 0.640625 0.4359375 0.0203125 0.0234375
1 0.5859375 0.43984375 0.0125 0.015625
1 0.57890625 0.49453125 0.0203125 0.0203125
1 0.5140625 0.40078125 0.0171875 0.03671875
1 0.4765625 0.44609375 0.01953125 0.0296875
1 0.4265625 0.4421875 0.02421875 0.0203125
1 0.4015625 0.49296875 0.0125 0.0203125
1 0.31171875 0.45390625 0.0171875 0.03671875
1 0.26875 0.4453125 0.02109375 0.02421875
1 0.21796875 0.4578125 0.0296875 0.0421875
1 0.21796875 0.478125 0.021875 0.03671875
1 0.09921875 0.453125 0.0171875 0.01796875
1 0.16328125 0.40859375 0.02421875 0.03984375
1 0.05625 0.45 0.01953125 0.02890625
0 0.41171875 0.61640625 0.73359375 0.19921875
0 0.91796875 0.6125 0.16328125 0.1578125
1 0.8296875 0.83359375 0.01953125 0.0234375
1 0.7140625 0.83203125 0.02421875 0.01875
1 0.58828125 0.83046875 0.01484375 0.01875
1 0.45234375 0.984375 0.046875 0.0265625
1 0.4359375 0.83203125 0.0234375 0.03125
1 0.33671875 0.8359375 0.0234375 0.0265625
1 0.22890625 0.83984375 0.02578125 0.0265625
1 0.28515625 0.9859375 0.0390625 0.02421875
1 0.20078125 0.9859375 0.04140625 0.0265625