0 0.31015625 0.21796875 0.09453125 0.4
0 0.4890625 0.62421875 0.5203125 0.38125
1 0.88828125 0.3171875 0.0546875 0.0703125
1 0.9015625 0.89296875 0.046875 0.03359375
1 0.78046875 0.8875 0.0140625 0.03671875
1 0.759375 0.8875 0.02578125 0.02109375
1 0.7265625 0.884375 0.0296875 0.0265625
1 0.69140625 0.88203125 0.02421875 0.02890625
1 0.6609375 0.8859375 0.04921875 0.0359375
1 0.61484375 0.8796875 0.02890625 0.0296875
1 0.59140625 0.884375 0.02578125 0.02890625
1 0.5640625 0.88125 0.0234375 0.021875
1 0.5609375 0.8015625 0.04609375 0.0390625
1 0.6984375 0.81484375 0.05078125 0.04765625
1 0.759375 0.82421875 0.0390625 0.03984375
1 0.809375 0.8328125 0.03828125 0.04140625
1 0.5265625 0.846875 0.03359375 0.03671875
1 0.5203125 0.89140625 0.0328125 0.02890625
1 0.48828125 0.8890625 0.03671875 0.03125
1 0.4265625 0.88125 0.03671875 0.02890625
1 0.3953125 0.88984375 0.04140625 0.03125
1 0.340625 0.84140625 0.03984375 0.034375
1 0.34453125 0.896875 0.05078125 0.03125
1 0.24375 0.8375 0.04921875 0.0546875
1 0.25859375 0.8921875 0.0421875 0.02890625
1 0.2140625 0.88359375 0.046875 0.03671875