0 0.19140625 0.39765625 0.1796875 0.48828125
0 0.540625 0.61015625 0.91796875 0.57734375
1 0.559375 0.7859375 0.0203125 0.02578125
1 0.52421875 0.9234375 0.0234375 0.0171875
1 0.52265625 0.953125 0.015625 0.015625
1 0.534375 0.965625 0.0140625 0.01484375
1 0.471875 0.92890625 0.01640625 0.01796875
1 0.48125 0.95546875 0.01171875 0.01171875
1 0.5 0.9671875 0.0125 0.0171875
1 0.4453125 0.95859375 0.01484375 0.02734375
1 0.40703125 0.94140625 0.01640625 0.0140625
1 0.38359375 0.96875 0.01015625 0.03046875
1 0.45390625 0.90546875 0.01484375 0.015625
0 0.12421875 0.7453125 0.0390625 0.06640625