0 0.6265625 0.44921875 0.5015625 0.3953125
1 0.3796875 0.72265625 0.02890625 0.0390625
1 0.46328125 0.6453125 0.034375 0.02890625
1 0.39453125 0.6359375 0.028125 0.02421875
1 0.190625 0.621875 0.03046875 0.021875
1 0.05390625 0.73203125 0.0234375 0.05703125
1 0.028125 0.8359375 0.0296875 0.04140625
1 0.11640625 0.80078125 0.02421875 0.03203125
1 0.23828125 0.7703125 0.0234375 0.034375
1 0.50703125 0.7390625 0.021875 0.0265625
0 0.746875 0.8046875 0.0703125 0.071875
1 0.97265625 0.778125 0.02578125 0.04140625