0 0.415625 0.12421875 0.82890625 0.2484375
0 0.14140625 0.228125 0.2828125 0.11328125
0 0.4859375 0.55390625 0.7171875 0.21796875
0 0.8796875 0.39609375 0.0859375 0.46015625
0 0.87421875 0.08984375 0.0734375 0.1796875
0 0.9375 0.2015625 0.0546875 0.196875
0 0.9625 0.34296875 0.0625 0.26015625
0 0.9234375 0.58046875 0.0953125 0.16796875
0 0.06953125 0.571875 0.1390625 0.26171875
1 0.47421875 0.74375 0.03125 0.03515625
1 0.3140625 0.7453125 0.03984375 0.04140625
1 0.1640625 0.74453125 0.0328125 0.046875
1 0.0296875 0.746875 0.059375 0.046875
1 0.73984375 0.746875 0.0328125 0.03203125
1 0.93125 0.75859375 0.02734375 0.03828125
1 0.9765625 0.7515625 0.0296875 0.03984375