0 0.53203125 0.425 0.70859375 0.496875
0 0.95078125 0.52265625 0.0984375 0.15234375
0 0.85 0.040625 0.1484375 0.08125
0 0.69921875 0.8609375 0.1125 0.2125
0 0.33125 0.92890625 0.165625 0.1421875
1 0.296875 0.7359375 0.02265625 0.0265625
1 0.415625 0.7140625 0.02890625 0.02578125
1 0.5078125 0.7234375 0.0171875 0.02890625
1 0.43984375 0.03515625 0.03359375 0.03203125
1 0.2828125 0.034375 0.0390625 0.04453125
1 0.275 0.0890625 0.0515625 0.04140625
1 0.7140625 0.15625 0.03671875 0.05
1 0.9515625 0.3671875 0.05703125 0.04296875