0 0.828125 0.42890625 0.34296875 0.7265625
0 0.5 0.71484375 1 0.20078125
0 0.734375 0.9578125 0.08515625 0.084375
1 0.09609375 0.9421875 0.0453125 0.1125
1 0.1796875 0.934375 0.06484375 0.10234375
1 0.26171875 0.92890625 0.059375 0.08671875
1 0.36328125 0.940625 0.059375 0.11875
1 0.45 0.9328125 0.06015625 0.134375
1 0.53359375 0.93828125 0.0609375 0.1234375
1 0.60234375 0.92421875 0.0578125 0.12109375
1 0.4546875 0.48203125 0.028125 0.0359375
1 0.53984375 0.22421875 0.05234375 0.021875
1 0.3359375 0.2046875 0.059375 0.03359375