0 0.21640625 0.34765625 0.4328125 0.4296875
0 0.6453125 0.5265625 0.44296875 0.37109375
0 0.865625 0.7265625 0.2515625 0.54609375
0 0.37578125 0.82109375 0.19140625 0.3578125
0 0.01796875 0.69296875 0.0359375 0.2171875
1 0.49453125 0.65625 0.06484375 0.03515625
1 0.56171875 0.6890625 0.0703125 0.03984375
1 0.63203125 0.671875 0.04296875 0.02109375
1 0.69453125 0.70625 0.075 0.0375
1 0.91640625 0.44609375 0.06640625 0.02734375
1 0.9125 0.39296875 0.08203125 0.04140625
1 0.85390625 0.38828125 0.06796875 0.0390625
1 0.77890625 0.35703125 0.08515625 0.04375
1 0.6875 0.33203125 0.09140625 0.0390625
1 0.59140625 0.30390625 0.08984375 0.0421875