0 0.24765625 0.39140625 0.21015625 0.3625
0 0.41328125 0.2265625 0.15859375 0.453125
0 0.60859375 0.5921875 0.3421875 0.490625
0 0.92890625 0.421875 0.140625 0.43984375
0 0.70078125 0.05390625 0.1640625 0.1078125
1 0.66640625 0.87265625 0.0375 0.03828125
1 0.678125 0.95546875 0.04140625 0.0453125
1 0.56640625 0.921875 0.0375 0.04765625
0 0.35078125 0.94375 0.0734375 0.0671875
0 0.0359375 0.7765625 0.07109375 0.06015625
0 0.0546875 0.88828125 0.109375 0.1140625
1 0.1671875 0.8203125 0.0265625 0.0203125
1 0.140625 0.84375 0.01796875 0.02421875
1 0.1203125 0.85546875 0.02109375 0.025
1 0.09609375 0.8703125 0.0140625 0.01328125
1 0.34140625 0.18515625 0.02265625 0.02109375
1 0.30625 0.24765625 0.01953125 0.025
1 0.2734375 0.29609375 0.02109375 0.03203125
1 0.24609375 0.34609375 0.01953125 0.01796875
1 0.2234375 0.38828125 0.0171875 0.0234375
1 0.19921875 0.4203125 0.01875 0.01015625
1 0.17890625 0.45703125 0.015625 0.0234375
1 0.1625 0.48671875 0.0203125 0.0234375