0 0.5 0.50859375 1 0.6828125
1 0.9921875 0.528125 0.01484375 0.0328125
1 0.94921875 0.51015625 0.02109375 0.034375
1 0.90859375 0.4890625 0.021875 0.02734375
1 0.86171875 0.46953125 0.0203125 0.0359375
1 0.81640625 0.44140625 0.025 0.03359375
1 0.765625 0.42265625 0.0234375 0.0328125
1 0.7140625 0.39609375 0.0234375 0.02890625
1 0.6609375 0.3671875 0.02890625 0.02734375
1 0.6046875 0.3390625 0.0265625 0.025
1 0.55 0.3078125 0.03203125 0.0328125
1 0.4859375 0.27890625 0.02734375 0.03515625
1 0.41796875 0.2453125 0.03046875 0.0296875
1 0.353125 0.215625 0.034375 0.03828125
1 0.2765625 0.171875 0.03359375 0.034375
1 0.19765625 0.140625 0.0296875 0.02421875
1 0.11875 0.0921875 0.0421875 0.0453125
1 0.02734375 0.05 0.04140625 0.03671875
1 0.09140625 0.64609375 0.0203125 0.025
1 0.1765625 0.66953125 0.0203125 0.028125
1 0.19296875 0.71171875 0.01875 0.02109375
1 0.33125 0.715625 0.02421875 0.01796875
1 0.40078125 0.7328125 0.021875 0.0359375
1 0.471875 0.759375 0.015625 0.028125
1 0.53359375 0.77578125 0.0265625 0.03203125
1 0.59296875 0.79375 0.0234375 0.02421875
1 0.65234375 0.81015625 0.0171875 0.02734375
1 0.70546875 0.8265625 0.0234375 0.02578125
1 0.76171875 0.84375 0.015625 0.02734375
1 0.853125 0.8703125 0.02109375 0.0234375
1 0.90390625 0.8859375 0.015625 0.01796875
1 0.53046875 0.978125 0.0203125 0.015625
1 0.46171875 0.965625 0.015625 0.02734375
1 0.3984375 0.9515625 0.0265625 0.02578125
1 0.3265625 0.934375 0.0203125 0.0328125
1 0.34765625 0.965625 0.015625 0.0171875