1 0.08828125 0.478125 0.0765625 0.10703125
1 0.26953125 0.3703125 0.08671875 0.11640625
1 0.4640625 0.2890625 0.08125 0.1171875
1 0.659375 0.3171875 0.0890625 0.1140625
1 0.8875 0.3828125 0.10078125 0.12578125
1 0.9875 0.52890625 0.025 0.0515625
1 0.1078125 0.6109375 0.0421875 0.0546875
0 0.509375 0.6140625 0.60078125 0.225
1 0.5015625 0.84140625 0.0234375 0.0203125
1 0.39609375 0.83828125 0.0125 0.0234375
1 0.46875 0.8859375 0.01171875 0.01171875
1 0.53671875 0.93671875 0.0203125 0.0203125
1 0.59921875 0.9703125 0.015625 0.0234375