1 0.90625 0.5359375 0.04921875 0.046875
1 0.76640625 0.484375 0.053125 0.04453125
1 0.590625 0.42421875 0.06171875 0.06015625
1 0.37265625 0.35703125 0.065625 0.07109375
1 0.546875 0.30234375 0.03671875 0.015625
1 0.46328125 0.27578125 0.025 0.0265625
1 0.38046875 0.24921875 0.03359375 0.0140625
1 0.09375 0.25078125 0.0921875 0.05859375
1 0.1296875 0.8875 0.053125 0.02890625
1 0.01875 0.83046875 0.0375 0.02578125
1 0.175 0.959375 0.196875 0.08125
1 0.34921875 0.953125 0.06484375 0.05234375
1 0.7484375 0.965625 0.109375 0.05546875
1 0.67734375 0.98359375 0.04296875 0.02890625
1 0.578125 0.9875 0.02265625 0.01796875
1 0.97734375 0.58671875 0.0453125 0.10234375