0 0.503125 0.51796875 0.5328125 0.321875
1 0.01640625 0.56015625 0.0328125 0.0578125
1 0.14765625 0.58671875 0.05078125 0.053125
1 0.26484375 0.60546875 0.03046875 0.046875
1 0.31796875 0.62421875 0.034375 0.04921875
1 0.4203125 0.65234375 0.0375 0.046875
1 0.46640625 0.659375 0.0265625 0.03671875
1 0.5125 0.675 0.03515625 0.0546875
1 0.5546875 0.6859375 0.02421875 0.03984375
1 0.59609375 0.69375 0.0265625 0.0390625
1 0.63515625 0.70703125 0.0296875 0.03984375
1 0.67578125 0.7125 0.0234375 0.03359375
1 0.709375 0.7203125 0.02421875 0.0359375
1 0.74140625 0.72890625 0.02578125 0.03359375
1 0.78046875 0.73515625 0.025 0.03671875
1 0.80546875 0.74140625 0.0125 0.02578125
1 0.83671875 0.75 0.0171875 0.02890625
1 0.87265625 0.7640625 0.02421875 0.034375
1 0.896875 0.7625 0.03359375 0.0421875
1 0.925 0.77578125 0.0234375 0.0390625
1 0.95078125 0.78359375 0.025 0.0296875
1 0.978125 0.78828125 0.021875 0.034375
1 0.996875 0.79140625 0.00546875 0.03125