0 0.57109375 0.4296875 0.59296875 0.584375
1 0.00859375 0.696875 0.0171875 0.05859375
1 0.1046875 0.7140625 0.0390625 0.05859375
1 0.1953125 0.72578125 0.034375 0.0578125
1 0.28828125 0.7359375 0.0359375 0.05546875
1 0.371875 0.7421875 0.0359375 0.053125
1 0.4640625 0.753125 0.03046875 0.05234375
1 0.546875 0.76328125 0.03515625 0.05546875
1 0.60859375 0.7734375 0.02890625 0.053125
1 0.6953125 0.7796875 0.02890625 0.05078125
1 0.76953125 0.7875 0.02578125 0.053125
1 0.8359375 0.79296875 0.02421875 0.046875
1 0.91328125 0.803125 0.02890625 0.046875
1 0.97265625 0.8078125 0.03046875 0.04453125
1 0.30390625 0.9765625 0.02265625 0.046875
1 0.35859375 0.97421875 0.02265625 0.03125
1 0.415625 0.9734375 0.02265625 0.0375
1 0.3328125 0.96484375 0.0328125 0.01640625
1 0.48984375 0.96484375 0.03046875 0.05546875
1 0.53984375 0.97109375 0.01796875 0.05
1 0.57578125 0.9359375 0.034375 0.02109375
1 0.59140625 0.97578125 0.02578125 0.046875
1 0.65078125 0.9734375 0.0328125 0.053125
1 0.703125 0.97578125 0.0203125 0.0484375
1 0.74765625 0.96796875 0.03046875 0.0640625
1 0.79453125 0.975 0.0234375 0.05
1 0.83359375 0.9765625 0.02421875 0.046875
1 0.9125 0.9609375 0.028125 0.0203125