0 0.50390625 0.51484375 0.99140625 0.69453125
1 0.6765625 0.11796875 0.08359375 0.10859375
1 0.7421875 0.01953125 0.02734375 0.03671875
1 0.5953125 0.11171875 0.0390625 0.03671875
1 0.465625 0.18046875 0.03671875 0.028125
1 0.35234375 0.2390625 0.0265625 0.04140625
0 0.25078125 0.0546875 0.1109375 0.109375
1 0.7640625 0.88203125 0.04609375 0.05078125
1 0.8734375 0.95546875 0.059375 0.0890625
1 0.609375 0.96875 0.025 0.0625
1 0.5015625 0.925 0.02578125 0.0390625
1 0.3953125 0.98125 0.0328125 0.0375
1 0.28828125 0.959375 0.0265625 0.0296875
1 0.13359375 0.984375 0.03359375 0.03125