1 0.209375 0.27734375 0.05546875 0.03203125
1 0.40703125 0.25859375 0.06015625 0.04296875
1 0.625 0.23828125 0.06015625 0.034375
1 0.8421875 0.221875 0.0640625 0.034375
0 0.534375 0.49296875 0.59609375 0.19296875
0 0.1640625 0.6296875 0.075 0.128125
1 0.32109375 0.88203125 0.0640625 0.0375
1 0.58515625 0.871875 0.06484375 0.05
1 0.77421875 0.94375 0.09609375 0.034375
1 0.2546875 0.06953125 0.034375 0.028125
1 0.1390625 0.165625 0.01796875 0.015625
1 0.4703125 0.1375 0.02890625 0.01796875
1 0.8 0.0875 0.028125 0.02109375
1 0.6453125 0.03046875 0.0328125 0.0296875
1 0.56640625 0.0359375 0.02421875 0.0234375
1 0.48671875 0.04296875 0.034375 0.02578125
1 0.4109375 0.05078125 0.02421875 0.01875
1 0.3375 0.06171875 0.025 0.01875