0 0.54765625 0.37734375 0.16796875 0.16484375
0 0.54375 0.58203125 0.6546875 0.253125
1 0.15 0.80078125 0.021875 0.034375
1 0.24140625 0.80703125 0.04453125 0.0640625
1 0.34375 0.80390625 0.05703125 0.078125
1 0.43828125 0.8015625 0.07109375 0.09296875
1 0.54765625 0.7953125 0.07734375 0.07421875
1 0.659375 0.778125 0.0890625 0.0890625
1 0.7484375 0.784375 0.0546875 0.06171875
1 0.80234375 0.75859375 0.01953125 0.02421875
1 0.8390625 0.78828125 0.02578125 0.02890625
1 0.8796875 0.77421875 0.01875 0.04609375
1 0.91640625 0.7484375 0.03046875 0.04296875
1 0.95703125 0.7765625 0.0171875 0.03359375
1 0.37109375 0.1453125 0.0375 0.0265625
1 0.525 0.24140625 0.01953125 0.02890625
0 0.01640625 0.14453125 0.0328125 0.28828125