0 0.490625 0.4453125 0.728125 0.3125
0 0.4703125 0.26875 0.61640625 0.2953125
0 0.51328125 0.7078125 0.18671875 0.0953125
0 0.83515625 0.6375 0.3296875 0.1671875
1 0.721875 0.4578125 0.05 0.0453125
1 0.50390625 0.5265625 0.03828125 0.0328125
1 0.31484375 0.5859375 0.05 0.03984375
1 0.1546875 0.628125 0.03671875 0.02890625
1 0.0453125 0.67109375 0.05703125 0.0328125
1 0.61015625 0.86015625 0.103125 0.03984375
1 0.60703125 0.9140625 0.06328125 0.025
1 0.246875 0.8859375 0.0796875 0.03515625
1 0.0734375 0.9203125 0.0796875 0.0234375