1 0.22734375 0.2859375 0.03828125 0.03671875
1 0.43828125 0.2875 0.03359375 0.0359375
1 0.6546875 0.29140625 0.0296875 0.0296875
1 0.865625 0.290625 0.034375 0.0296875
1 0.009375 0.27734375 0.01796875 0.03203125
0 0.5625 0.4890625 0.875 0.30078125
1 0.0640625 0.3828125 0.128125 0.08125
1 0.21328125 0.74765625 0.0296875 0.04453125
1 0.23671875 0.846875 0.02578125 0.0453125
1 0.359375 0.7453125 0.02890625 0.03671875
1 0.26796875 0.66953125 0.040625 0.04296875
1 0.37109375 0.8359375 0.025 0.04140625
1 0.52421875 0.7421875 0.034375 0.05078125
1 0.5234375 0.84609375 0.0328125 0.0390625
1 0.76875 0.82421875 0.02265625 0.0359375
1 0.78828125 0.73125 0.02890625 0.03359375