0 0.4859375 0.496875 0.79453125 0.23125
1 0.95 0.06640625 0.0265625 0.05078125
1 0.7734375 0.021875 0.0578125 0.02890625
1 0.71328125 0.0203125 0.03984375 0.03984375
1 0.621875 0.08125 0.02578125 0.03984375
1 0.5765625 0.0296875 0.028125 0.03203125
1 0.53125 0.08359375 0.02109375 0.03671875
1 0.52734375 0.04140625 0.02265625 0.03125
1 0.590625 0.1953125 0.03828125 0.0359375
1 0.47734375 0.04453125 0.025 0.053125
1 0.4421875 0.096875 0.0171875 0.04453125
1 0.3828125 0.0609375 0.0140625 0.03359375
1 0.34921875 0.0953125 0.01640625 0.02109375
1 0.2921875 0.05078125 0.02265625 0.0375
1 0.24921875 0.06640625 0.0203125 0.0296875
1 0.16171875 0.13125 0.0296875 0.0359375
1 0.06875 0.13671875 0.02734375 0.0421875
1 0.85390625 0.70703125 0.04765625 0.053125
1 0.56171875 0.7140625 0.03203125 0.05546875
1 0.2796875 0.728125 0.04140625 0.0578125
1 0.01953125 0.74375 0.0390625 0.040625
1 0.7046875 0.83671875 0.11328125 0.19765625
1 0.553125 0.8359375 0.053125 0.18203125
1 0.33359375 0.8453125 0.18359375 0.17578125
1 0.1875 0.8578125 0.29296875 0.15546875