0 0.38046875 0.43359375 0.0890625 0.66640625
0 0.2453125 0.13828125 0.07109375 0.1703125
0 0.10703125 0.190625 0.1609375 0.2453125
0 0.74296875 0.38828125 0.14140625 0.46640625
0 0.78515625 0.0765625 0.0953125 0.153125
0 0.92265625 0.08515625 0.0828125 0.13984375
0 0.9671875 0.11484375 0.06484375 0.15703125
0 0.57421875 0.0296875 0.2046875 0.059375
1 0.5296875 0.17421875 0.0578125 0.0953125
1 0.4640625 0.15234375 0.0703125 0.0953125
1 0.61796875 0.18046875 0.05859375 0.08203125
1 0.68515625 0.19453125 0.0546875 0.08515625