0 0.5765625 0.4765625 0.12890625 0.19296875
0 0.0875 0.84375 0.175 0.1828125
1 0.19453125 0.8390625 0.0484375 0.028125
1 0.26640625 0.81328125 0.06484375 0.0390625
1 0.471875 0.8296875 0.065625 0.046875
1 0.64296875 0.8421875 0.053125 0.0515625
1 0.7109375 0.8671875 0.0421875 0.01796875
1 0.7953125 0.853125 0.05078125 0.0359375
1 0.84609375 0.87734375 0.03984375 0.028125
1 0.92734375 0.8609375 0.04765625 0.0359375
1 0.3671875 0.9109375 0.02734375 0.02109375
1 0.125 0.96171875 0.028125 0.04453125
1 0.06484375 0.96015625 0.02421875 0.0375
1 0.04453125 0.134375 0.0265625 0.02890625
1 0.115625 0.16171875 0.02890625 0.02109375
1 0.1609375 0.02890625 0.02734375 0.03515625
1 0.25859375 0.05390625 0.02421875 0.03515625
1 0.3296875 0.08515625 0.03203125 0.040625
1 0.2796875 0.15234375 0.0265625 0.03828125
1 0.44453125 0.0421875 0.0640625 0.06484375
1 0.51796875 0.01484375 0.0265625 0.0296875
1 0.5984375 0.028125 0.034375 0.03671875
1 0.7390625 0.10625 0.02265625 0.0328125
1 0.73046875 0.15 0.01875 0.03671875
1 0.68203125 0.1375 0.0609375 0.0515625
1 0.6625 0.19609375 0.02265625 0.028125
1 0.53515625 0.26015625 0.025 0.03046875