1 0.7515625 0.03671875 0.06953125 0.0734375
1 0.615625 0.08515625 0.0375 0.06796875
1 0.52578125 0.12578125 0.03359375 0.04765625
1 0.64140625 0.15703125 0.31328125 0.25
0 0.32265625 0.115625 0.1390625 0.1953125
1 0.3546875 0.240625 0.16484375 0.11640625
0 0.21328125 0.20390625 0.075 0.2859375
0 0.1453125 0.2453125 0.02421875 0.19296875
0 0.10859375 0.328125 0.034375 0.08203125
0 0.03828125 0.31796875 0.059375 0.13203125
1 0.059375 0.1796875 0.04453125 0.0859375
1 0.08203125 0.253125 0.03359375 0.05703125
1 0.071875 0.32421875 0.028125 0.0546875
0 0.5765625 0.36640625 0.07265625 0.265625