1 0.5765625 0.13359375 0.10390625 0.10703125
1 0.23046875 0.37578125 0.03984375 0.04765625
1 0.06484375 0.43828125 0.0546875 0.05234375
1 0.04453125 0.378125 0.03671875 0.03203125
1 0.02421875 0.1921875 0.0484375 0.0375
1 0.85078125 0.89765625 0.05859375 0.084375
1 0.65859375 0.890625 0.13203125 0.1125
1 0.54921875 0.90859375 0.1671875 0.11875
1 0.64609375 0.98359375 0.134375 0.03203125
0 0.28125 0.9359375 0.15546875 0.128125
0 0.14296875 0.90625 0.09921875 0.1390625
0 0.109375 0.115625 0.15078125 0.23125