0 0 0.7172396671875 0.9991844999999999 0.6838606671874999 0.99975 0.499948 0 0.5549999999999999 0 0.7172396671875
1 0.7025 0.805 0.7979345 0.9340233328125 0.8277147499999999 0.8945636671875 0.74243175 0.7843816671875 0.7025 0.805
1 0.9171777499999999 0.8314713328125001 0.9133984999999999 0.829453 0.9328272500000001 0.9160613328125 0.9875830000000001 0.9010546671874999 0.9612255 0.8317773328125 0.9171777499999999 0.8314713328125001
1 0.0001443234375 0.7916579390625 0.006640500000000001 0.8396223328125 0.13567374999999998 0.8390040000000001 0.18204599999999999 0.8095376671875 0.13691899999999999 0.7939516671875 0.15082525 0.7825456671875 0.0001443234375 0.7916579390625
1 0.028125 0.01171875 0.04140625 0.0234375
1 0.12265625 0.09921875 0.0375 0.028125
1 0.2625 0.12109375 0.02734375 0.02578125
1 0.703125 0.059375 0.0390625 0.05546875
1 0.7109375 0.0984375 0.025 0.0171875
1 0.7921875 0.0875 0.0203125 0.01484375
1 0.87265625 0.07890625 0.02734375 0.02109375
1 0.9515625 0.06796875 0.0234375 0.01640625
1 0.5421875 0.2171875 0.0203125 0.0140625
1 0.76328125 0.22265625 0.02578125 0.021875
1 0.87265625 0.18515625 0.025 0.0140625