0 0.45078125 0.12578125 0.8 0.25078125
0 0.8359375 0.034375 0.159375 0.06875
0 0.91640625 0.4921875 0.1171875 0.2796875
0 0.94296875 0.6859375 0.06640625 0.10859375
0 0.4921875 0.7171875 0.81484375 0.2078125
1 0.84609375 0.8796875 0.04609375 0.03125
1 0.71875 0.88359375 0.04765625 0.034375
1 0.5828125 0.88984375 0.05 0.03125
1 0.43203125 0.8859375 0.03359375 0.028125
1 0.28359375 0.8890625 0.03203125 0.0265625
1 0.1203125 0.89296875 0.053125 0.03125
1 0.17734375 0.92890625 0.034375 0.021875
1 0.2125 0.971875 0.03515625 0.05546875
1 0.328125 0.9671875 0.04140625 0.065625
1 0.4296875 0.9875 0.02265625 0.02421875
1 0.54921875 0.41953125 0.03203125 0.0453125
1 0.5453125 0.4828125 0.021875 0.01875
1 0.57265625 0.5171875 0.01953125 0.02578125
1 0.70859375 0.44375 0.05546875 0.27890625
1 0.403125 0.27265625 0.5453125 0.10546875
1 0.13984375 0.39765625 0.07109375 0.353125
1 0.3234375 0.40078125 0.0359375 0.04765625