0 0.125 0.14140625 0.11640625 0.2828125
0 0.465625 0.1609375 0.58515625 0.29765625
0 0.95546875 0.15703125 0.08828125 0.10390625
0 0.9515625 0.43203125 0.096875 0.22109375
0 0.96640625 0.64921875 0.06640625 0.11640625
0 0.8546875 0.8796875 0.153125 0.2265625
0 0.62265625 0.8296875 0.33515625 0.12109375
1 0.60390625 0.5984375 0.29140625 0.0609375
0 0.4484375 0.50234375 0.56328125 0.1921875
0 0.10234375 0.44140625 0.15859375 0.3421875
1 0.23671875 0.2984375 0.0265625 0.0328125
1 0.3890625 0.315625 0.43203125 0.13359375
1 0.2953125 0.31171875 0.03671875 0.02109375
1 0.346875 0.3234375 0.0265625 0.0265625
1 0.49296875 0.275 0.03671875 0.02265625
1 0.390625 0.33515625 0.03203125 0.02265625
1 0.4359375 0.346875 0.021875 0.01875
1 0.48515625 0.3609375 0.0265625 0.025
1 0.55859375 0.37578125 0.03359375 0.0140625
1 0.403125 0.3921875 0.0234375 0.0203125
1 0.35078125 0.35625 0.03515625 0.0203125
1 0.28046875 0.36796875 0.025 0.0140625
1 0.265625 0.39765625 0.0484375 0.0203125
1 0.65703125 0.46796875 0.06015625 0.01640625
1 0.721875 0.484375 0.05 0.01875
1 0.2359375 0.57578125 0.0484375 0.02890625
0 0.05234375 0.95 0.1046875 0.1