0 0.28046875 0.43203125 0.5609375 0.3546875
0 0.7578125 0.47421875 0.484375 0.3828125
1 0.65390625 0.73359375 0.078125 0.0375
1 0.8734375 0.8125 0.0734375 0.03515625
1 0.92265625 0.88046875 0.05859375 0.0265625
1 0.778125 0.91640625 0.05 0.02265625
1 0.7140625 0.8609375 0.03515625 0.0203125
1 0.74296875 0.95078125 0.14296875 0.00859375
1 0.6171875 0.89140625 0.0515625 0.02265625
1 0.5015625 0.8140625 0.0734375 0.04375
1 0.4109375 0.8734375 0.06484375 0.03359375
1 0.328125 0.8984375 0.06328125 0.02890625
1 0.26015625 0.92890625 0.04296875 0.01484375
1 0.01640625 0.8078125 0.0328125 0.04375
1 0.04765625 0.734375 0.08203125 0.03359375