0 0.415625 0.17109375 0.72578125 0.3421875
0 0.875 0.34140625 0.1796875 0.14765625
0 0.953125 0.24140625 0.0625 0.11640625
0 0.4421875 0.43203125 0.884375 0.44453125
1 0.2390625 0.14296875 0.0609375 0.046875
1 0.39140625 0.21484375 0.0421875 0.0453125
1 0.52109375 0.27578125 0.0546875 0.04296875
1 0.63828125 0.3296875 0.04140625 0.04921875
1 0.7359375 0.3734375 0.025 0.0375
1 0.95078125 0.61796875 0.0984375 0.0859375
0 0.9546875 0.7859375 0.0671875 0.1234375
0 0.42265625 0.70078125 0.48046875 0.153125
1 0.059375 0.5359375 0.04453125 0.02890625
1 0.053125 0.73359375 0.10625 0.04765625
1 0.01171875 0.92265625 0.0234375 0.1546875
1 0.16953125 0.93046875 0.08046875 0.1390625
1 0.26015625 0.94140625 0.08515625 0.11640625
1 0.36640625 0.94140625 0.1109375 0.11640625
1 0.47265625 0.934375 0.08671875 0.13125
1 0.57109375 0.94609375 0.0703125 0.1078125
1 0.6109375 0.91953125 0.0640625 0.1296875
1 0.62421875 0.8265625 0.01953125 0.03984375