0 0.4640625 0.1828125 0.4109375 0.08203125
0 0.034375 0.30078125 0.0296875 0.28046875
0 0.0171875 0.5578125 0.0203125 0.0890625
0 0.49765625 0.52109375 0.56796875 0.0859375
0 0.97265625 0.52109375 0.0546875 0.06484375
1 0.6859375 0.59375 0.025 0.02109375
1 0.50390625 0.57734375 0.0203125 0.0171875
1 0.48125 0.6171875 0.01328125 0.0109375
1 0.475 0.75078125 0.0296875 0.021875
1 0.50703125 0.68046875 0.0234375 0.01171875
1 0.696875 0.625 0.01328125 0.01328125
1 0.67890625 0.63125 0.0078125 0.0125
1 0.27578125 0.2515625 0.00703125 0.009375
1 0.2578125 0.25546875 0.00625 0.0140625
1 0.2875 0.28515625 0.01328125 0.01640625
1 0.3078125 0.28359375 0.015625 0.0171875
1 0.29375 0.30234375 0.00546875 0.01171875
1 0.296875 0.32578125 0.01171875 0.028125
1 0.309375 0.3765625 0.02109375 0.02890625
1 0.4890625 0.3875 0.040625 0.025