0 0.50703125 0.1953125 0.5640625 0.28359375
0 0.5 0.6 0.92734375 0.5234375
0 0.0171875 0.615625 0.034375 0.3375
0 0.11875 0.95234375 0.09453125 0.08828125
1 0.1515625 0.8765625 0.10859375 0.02578125
1 0.2640625 0.934375 0.1203125 0.021875
1 0.50078125 0.93359375 0.10859375 0.02421875
1 0.74140625 0.92890625 0.11015625 0.03046875
1 0.8546875 0.875 0.1046875 0.0203125
1 0.77265625 0.89453125 0.0484375 0.01796875
1 0.6234375 0.87890625 0.1171875 0.02421875
1 0.4015625 0.8734375 0.13125 0.0296875
1 0.33515625 0.90234375 0.1 0.03203125
1 0.5671875 0.89921875 0.11171875 0.01796875
0 0.89140625 0.94375 0.1328125 0.1125