0 0.27734375 0.4109375 0.178125 0.58125
0 0.62265625 0.49375 0.5203125 0.97421875
1 0.9328125 0.57421875 0.03984375 0.0578125
1 0.91171875 0.4578125 0.040625 0.05546875
1 0.9015625 0.34921875 0.0421875 0.0578125
1 0.87734375 0.23984375 0.03984375 0.053125
1 0.86171875 0.15078125 0.04921875 0.0609375
1 0.82890625 0.04140625 0.078125 0.05859375
1 0.76796875 0.09453125 0.03671875 0.06015625
1 0.72109375 0.15703125 0.03203125 0.05
1 0.68046875 0.21640625 0.02421875 0.04453125
1 0.6453125 0.26796875 0.0265625 0.0421875
1 0.60703125 0.30546875 0.0234375 0.03984375
1 0.571875 0.35859375 0.02578125 0.0390625
1 0.5390625 0.39296875 0.02734375 0.04453125
1 0.51484375 0.428125 0.01953125 0.04140625
1 0.48828125 0.45859375 0.0234375 0.03984375
1 0.46015625 0.49453125 0.0171875 0.03359375
1 0.4390625 0.525 0.0140625 0.034375
1 0.421875 0.5453125 0.01171875 0.028125
1 0.4015625 0.57109375 0.01640625 0.03125
1 0.3828125 0.596875 0.01953125 0.03984375
1 0.371875 0.64140625 0.01015625 0.02421875
1 0.37109375 0.6921875 0.0140625 0.0375
1 0.3671875 0.7515625 0.015625 0.04140625
1 0.36640625 0.83359375 0.009375 0.04140625
1 0.36484375 0.89453125 0.01171875 0.0203125
1 0.36796875 0.9625 0.0109375 0.0375
1 0.37734375 0.98828125 0.0296875 0.0234375
1 0.3984375 0.97421875 0.0234375 0.02890625
1 0.421875 0.96015625 0.01953125 0.0265625
1 0.44140625 0.94609375 0.0265625 0.028125
1 0.4734375 0.934375 0.03359375 0.0359375
1 0.49921875 0.90859375 0.01640625 0.03203125
1 0.53359375 0.89140625 0.01640625 0.03984375
1 0.56171875 0.871875 0.0203125 0.02890625
1 0.59453125 0.8453125 0.02890625 0.0359375
1 0.64453125 0.82109375 0.0296875 0.03984375
1 0.68828125 0.79296875 0.03671875 0.046875
1 0.73046875 0.76015625 0.02109375 0.04453125
1 0.78515625 0.728125 0.03828125 0.05546875
1 0.8484375 0.6875 0.05234375 0.05
1 0.915625 0.6484375 0.06640625 0.05703125