1 0.578125 0.271875 0.84296875 0.115625
0 0.44296875 0.46875 0.390625 0.18671875
1 0.48046875 0.83671875 0.1703125 0.09765625
1 0.3734375 0.8390625 0.02109375 0.0265625
1 0.29609375 0.8140625 0.04453125 0.02109375
1 0.2234375 0.92421875 0.1921875 0.15078125
1 0.39296875 0.93671875 0.1546875 0.1265625
1 0.51875 0.8953125 0.0859375 0.034375
1 0.65234375 0.965625 0.23984375 0.06875
1 0.68359375 0.92421875 0.190625 0.1125
1 0.9515625 0.87265625 0.0515625 0.21015625
1 0.8984375 0.965625 0.04921875 0.046875
0 0.7890625 0.034375 0.421875 0.06875