0 0.885 0.0036 0.8683333328125 0.00625 0.06833333281250001 0.605 0.06999999999999999 0.8162499999999999 0.8933333328125 0.41375 0.885 0.0036
1 0.57265625 0.103125 0.121875 0.0765625
1 0.45234375 0.221875 0.0953125 0.0640625
1 0.35 0.309375 0.08359375 0.0515625
1 0.26953125 0.37578125 0.078125 0.05
1 0.19296875 0.4390625 0.06328125 0.0359375
1 0.1390625 0.49453125 0.0515625 0.02890625
1 0.0859375 0.5375 0.06796875 0.04765625
1 0.03515625 0.57265625 0.046875 0.02734375
1 0.04765625 0.6265625 0.0484375 0.03125
0 0.28359375 0.13203125 0.3234375 0.2640625