0 0.06171875 0.56171875 0.09921875 0.06328125
1 0.15234375 0.403125 0.08515625 0.01953125
0 0.58203125 0.43359375 0.6140625 0.25
0 0.0140625 0.4265625 0.02734375 0.1265625
1 0.22265625 0.73515625 0.03046875 0.03046875
1 0.27109375 0.73203125 0.01953125 0.0296875
1 0.325 0.72734375 0.0171875 0.02734375
1 0.434375 0.7109375 0.02109375 0.01953125
1 0.490625 0.71171875 0.02890625 0.0296875
1 0.54921875 0.7078125 0.02109375 0.03828125
1 0.61796875 0.70390625 0.02578125 0.02421875
1 0.6859375 0.6859375 0.0171875 0.028125
1 0.75 0.69140625 0.025 0.02890625
1 0.82890625 0.68046875 0.028125 0.028125
1 0.9015625 0.67890625 0.0234375 0.02421875
1 0.9859375 0.66875 0.0265625 0.03046875
1 0.98984375 0.73671875 0.0203125 0.0265625
1 0.91171875 0.746875 0.0265625 0.0296875
1 0.83203125 0.75078125 0.0421875 0.03046875
1 0.7609375 0.75234375 0.025 0.03203125
1 0.6953125 0.75234375 0.02578125 0.03515625