1 0.359375 0.31796875 0.05078125 0.0359375
1 0.184375 0.2984375 0.06328125 0.03671875
1 0.540625 0.3234375 0.05234375 0.0359375
1 0.69375 0.328125 0.04765625 0.0359375
1 0.85703125 0.32734375 0.0546875 0.03671875
0 0.8640625 0.19921875 0.13046875 0.3984375
0 0.528125 0.51953125 0.39609375 0.25234375
1 0.15703125 0.68203125 0.05234375 0.04453125
1 0.3328125 0.690625 0.07109375 0.0296875
1 0.4859375 0.68515625 0.059375 0.02578125
1 0.6484375 0.68828125 0.059375 0.02578125
1 0.8140625 0.69296875 0.06640625 0.0390625
1 0.46640625 0.75546875 0.63671875 0.07109375
0 0.2375 0.87734375 0.16484375 0.08359375
0 0.70703125 0.86484375 0.14765625 0.096875
1 0.675 0.95859375 0.1703125 0.08203125
1 0.56484375 0.83046875 0.034375 0.0296875
1 0.6609375 0.82734375 0.0203125 0.0125
1 0.56640625 0.8859375 0.025 0.01796875
1 0.54453125 0.90234375 0.0171875 0.0265625
1 0.52109375 0.8703125 0.01484375 0.0265625
1 0.50234375 0.88203125 0.0140625 0.021875
1 0.48984375 0.9 0.009375 0.03125
1 0.46328125 0.85703125 0.01953125 0.02421875
1 0.490625 0.809375 0.01640625 0.0234375
1 0.3953125 0.80859375 0.03046875 0.0234375
1 0.38203125 0.859375 0.01640625 0.01640625
1 0.4984375 0.94453125 0.071875 0.02421875
1 0.9796875 0.57421875 0.040625 0.03984375