0 0.49765625 0.14140625 0.4578125 0.2828125
0 0.790625 0.28359375 0.12890625 0.5671875
0 0.79921875 0.81171875 0.1109375 0.3765625
0 0.71953125 0.828125 0.07890625 0.34296875
0 0.89140625 0.92421875 0.06640625 0.15078125
0 0.3703125 0.81328125 0.10546875 0.3734375
0 0.51640625 0.46015625 0.44765625 0.33984375
0 0.103125 0.39453125 0.20625 0.17578125
1 0.0359375 0.69921875 0.04453125 0.03203125
1 0.1359375 0.8125 0.0390625 0.03359375
1 0.5484375 0.7984375 0.02421875 0.0234375
1 0.521875 0.84921875 0.02265625 0.03125