0 0.9453125 0.3921875 0.10859375 0.26796875
0 0.6859375 0.1984375 0.1515625 0.396875
0 0.02578125 0.2578125 0.0515625 0.2453125
0 0.21796875 0.359375 0.15546875 0.26171875
0 0.43046875 0.425 0.15625 0.2296875
0 0.59296875 0.4890625 0.10078125 0.225
0 0.7546875 0.5578125 0.15859375 0.20859375
0 0.92578125 0.62109375 0.1484375 0.1484375
0 0.98828125 0.915625 0.0234375 0.1375
0 0.68984375 0.9125 0.10546875 0.175
1 0.29765625 0.7109375 0.0546875 0.0328125
1 0.59453125 0.76328125 0.0421875 0.0421875
1 0.77265625 0.83515625 0.0453125 0.053125
1 0.5 0.7953125 0.02734375 0.02421875
1 0.196875 0.75234375 0.03203125 0.02421875