0 0.48828125 0.09921875 0.36328125 0.0984375
0 0.5109375 0.18515625 0.39140625 0.08984375
1 0.53046875 0.14609375 0.04140625 0.02265625
1 0.64609375 0.13203125 0.0515625 0.0234375
1 0.621875 0.228125 0.15 0.04140625
0 0.4765625 0.30234375 0.2234375 0.05234375
0 0.48203125 0.4171875 0.46015625 0.1140625
0 0.2828125 0.6109375 0.29140625 0.1125
1 0.32734375 0.72578125 0.0484375 0.01640625
1 0.42265625 0.725 0.0453125 0.025
1 0.4953125 0.7171875 0.03359375 0.0234375
1 0.33203125 0.9484375 0.05703125 0.03125
1 0.240625 0.9546875 0.06484375 0.02890625
0 0.821875 0.39296875 0.1 0.1890625
0 0.75546875 0.18671875 0.075 0.19375