0 0.0025 0.3716666671875 0.00169925 0.6064193328124999 0.99975 0.6576366671875 0.99975 0.4812826671875 0.0025 0.3716666671875
1 0.2140625 0.646875 0.040625 0.0203125
1 0.45390625 0.66953125 0.0625 0.0328125
1 0.0578125 0.73203125 0.0328125 0.03046875
1 0.21015625 0.73515625 0.03515625 0.02421875
1 0.73203125 0.86875 0.13125 0.0671875
1 0.678125 0.27734375 0.034375 0.04453125
1 0.5734375 0.2859375 0.02890625 0.0375
1 0.63828125 0.3234375 0.00859375 0.0171875
1 0.8484375 0.27734375 0.03203125 0.04453125
1 0.9671875 0.30546875 0.04765625 0.03046875
1 0.91015625 0.34296875 0.0734375 0.06328125