0 0.975 0.4515625 0.05 0.165625
1 0.93828125 0.4578125 0.04453125 0.06875
1 0.88828125 0.4390625 0.0234375 0.03203125
1 0.82265625 0.421875 0.02890625 0.02890625
1 0.7578125 0.39296875 0.02578125 0.02890625
1 0.68671875 0.3765625 0.0421875 0.03984375
1 0.6203125 0.346875 0.0234375 0.05
1 0.54921875 0.31796875 0.0359375 0.03671875
1 0.46953125 0.29375 0.040625 0.04765625
1 0.39375 0.2625 0.0390625 0.034375
1 0.30703125 0.22265625 0.03515625 0.04765625
1 0.21015625 0.1859375 0.05 0.046875
1 0.11328125 0.146875 0.0484375 0.053125
1 0.01484375 0.10859375 0.02890625 0.06640625
0 0.51953125 0.3765625 0.6328125 0.30234375
1 0.959375 0.55078125 0.05234375 0.146875
1 0.4921875 0.4390625 0.984375 0.34453125
1 0.9015625 0.684375 0.02109375 0.02890625
1 0.86015625 0.6796875 0.025 0.02421875
1 0.98671875 0.675 0.02421875 0.0296875
1 0.840625 0.66328125 0.01640625 0.021875
1 0.79765625 0.653125 0.01953125 0.02578125
1 0.8265625 0.71796875 0.015625 0.02109375
1 0.77265625 0.61640625 0.021875 0.03359375
1 0.71875 0.63359375 0.02421875 0.0265625
1 0.6828125 0.6546875 0.01796875 0.028125
1 0.58515625 0.5953125 0.02578125 0.03125
1 0.5515625 0.58671875 0.01953125 0.01796875
1 0.45234375 0.55859375 0.02578125 0.03984375
1 0.51328125 0.52734375 0.02109375 0.04140625
1 0.4171875 0.53046875 0.02109375 0.028125
1 0.3671875 0.52734375 0.025 0.03203125
1 0.26640625 0.4921875 0.02890625 0.02421875
1 0.11484375 0.51640625 0.02109375 0.0265625
1 0.19375 0.42890625 0.02421875 0.0265625
0 0.43828125 0.7296875 0.63828125 0.29453125
0 0.84453125 0.8125 0.16328125 0.1453125
1 0.64375 0.9640625 0.02109375 0.02578125
1 0.72265625 0.978125 0.0265625 0.0234375
1 0.33671875 0.90859375 0.021875 0.0265625
1 0.4265625 0.93203125 0.02578125 0.02890625
1 0.24140625 0.89765625 0.0328125 0.01796875