0 0.38203125 0.40703125 0.67109375 0.29140625
0 0.10078125 0.68671875 0.175 0.1375
1 0.7296875 0.5875 0.090625 0.03203125
1 0.6296875 0.5953125 0.0859375 0.0296875
1 0.74921875 0.63125 0.06640625 0.03203125
1 0.65078125 0.63359375 0.07109375 0.02734375
1 0.5375 0.12734375 0.03671875 0.01328125
1 0.609375 0.0625 0.04453125 0.01640625
1 0.55234375 0.15546875 0.165625 0.0484375
1 0.50078125 0.08984375 0.0328125 0.02109375
1 0.38203125 0.10703125 0.03984375 0.01953125
1 0.24140625 0.1484375 0.04609375 0.0234375
1 0.21953125 0.08828125 0.11875 0.02578125