0 0.45390625 0.515625 0.65703125 0.2703125
0 0.91171875 0.771875 0.1765625 0.45625
1 0.3296875 0.37421875 0.05078125 0.03515625
1 0.73671875 0.29140625 0.03828125 0.03203125
0 0.034375 0.53359375 0.0671875 0.03515625
1 0.28515625 0.325 0.0265625 0.02109375
0 0.4640625 0.2859375 0.14609375 0.16171875
1 0.51796875 0.696875 0.02265625 0.028125
1 0.6625 0.690625 0.02578125 0.01875
1 0.15390625 0.90078125 0.0453125 0.08046875
1 0.58671875 0.68984375 0.025 0.01953125
1 0.24453125 0.675 0.025 0.021875
1 0.625 0.70234375 0.02265625 0.01796875
1 0.5234375 0.1921875 0.03984375 0.02265625
1 0.7171875 0.6921875 0.01796875 0.02109375
1 0.2765625 0.7 0.0265625 0.0171875
1 0.71640625 0.70703125 0.0265625 0.01875
1 0.1546875 0.79453125 0.05 0.12890625