0 0.4609375 0.41015625 0.63125 0.265625
0 0.05546875 0.46328125 0.1109375 0.234375
0 0.1640625 0.671875 0.18515625 0.14609375
1 0.81484375 0.5859375 0.10234375 0.02109375
1 0.7015625 0.5875 0.084375 0.02734375
1 0.82890625 0.6125 0.0609375 0.0171875
1 0.71796875 0.62734375 0.059375 0.025
1 0.62421875 0.15859375 0.1671875 0.0375
1 0.6078125 0.12109375 0.03828125 0.03828125
1 0.67890625 0.0578125 0.028125 0.02890625
1 0.57578125 0.08125 0.053125 0.0234375
1 0.4546875 0.10078125 0.03671875 0.02578125
1 0.290625 0.0875 0.12890625 0.0359375
1 0.30703125 0.14765625 0.0609375 0.02734375