1 0.434375 0.2671875 0.02265625 0.01953125
0 0.5 0.4015625 0.990625 0.22421875
1 0.65703125 0.25703125 0.021875 0.0203125
1 0.5625 0.13671875 0.01953125 0.02109375
1 0.11640625 0.215625 0.021875 0.0203125
1 0.6390625 0.20625 0.01953125 0.0171875
1 0.4796875 0.26796875 0.0171875 0.01484375
1 0.25390625 0.1578125 0.01640625 0.01796875
1 0.215625 0.2125 0.01953125 0.01796875
1 0.28984375 0.24453125 0.0171875 0.01875
1 0.221875 0.2578125 0.01640625 0.01640625
1 0.934375 0.14375 0.01875 0.01875
1 0.159375 0.22734375 0.01953125 0.01640625
1 0.08828125 0.3078125 0.02578125 0.0203125
1 0.33828125 0.28828125 0.03125 0.01796875
1 0.49375 0.203125 0.0171875 0.01640625
1 0.56953125 0.26484375 0.02265625 0.01796875
1 0.3640625 0.20859375 0.015625 0.01640625
1 0.72890625 0.1921875 0.03984375 0.025
1 0.3453125 0.178125 0.0296875 0.02109375
1 0.3203125 0.22109375 0.04140625 0.02734375
1 0.340625 0.24140625 0.0328125 0.02890625
1 0.2421875 0.2421875 0.03125 0.02578125
1 0.1234375 0.26484375 0.025 0.02109375
1 0.528125 0.2328125 0.03125 0.025
1 0.525 0.26484375 0.025 0.01328125
1 0.51328125 0.28984375 0.03828125 0.0234375