0 0.48671875 0.4765625 0.78671875 0.29921875
1 0.27421875 0.31171875 0.03515625 0.0265625
1 0.14921875 0.21015625 0.0421875 0.03359375
1 0.271875 0.24921875 0.040625 0.03125
1 0.59296875 0.2921875 0.0328125 0.0296875
1 0.47890625 0.31640625 0.03203125 0.03125
1 0.4703125 0.1328125 0.7140625 0.2578125
1 0.44375 0.63359375 0.03125 0.0265625
1 0.09921875 0.56484375 0.03671875 0.02890625
1 0.13828125 0.6671875 0.03515625 0.02109375
1 0.165625 0.278125 0.03828125 0.03125
1 0.39296875 0.21640625 0.02578125 0.03828125
1 0.25234375 0.64921875 0.03203125 0.0234375
1 0.21953125 0.82890625 0.03203125 0.02421875
1 0.23125 0.62109375 0.03203125 0.0234375
1 0.26640625 0.1796875 0.03671875 0.03046875
1 0.13828125 0.13828125 0.02734375 0.03125
1 0.0921875 0.63984375 0.028125 0.021875
1 0.46015625 0.36796875 0.02578125 0.02421875
1 0.08671875 0.60234375 0.03515625 0.02421875
1 0.1765625 0.94765625 0.05078125 0.0265625
1 0.25859375 0.68203125 0.021875 0.01640625
1 0.43984375 0.3046875 0.021875 0.028125
1 0.19375 0.62265625 0.021875 0.01953125