1 0.63125 0.321875 0.0921875 0.0921875
1 0.29453125 0.22578125 0.0296875 0.03203125
1 0.184375 0.275 0.02109375 0.028125
1 0.29453125 0.29296875 0.028125 0.0203125
1 0.1671875 0.19921875 0.0265625 0.0265625
0 0.1578125 0.80078125 0.23203125 0.26640625
1 0.44140625 0.69140625 0.0515625 0.034375
1 0.87421875 0.68359375 0.04609375 0.02421875
1 0.71171875 0.7203125 0.04140625 0.02421875
1 0.64609375 0.73203125 0.03671875 0.0234375
1 0.5421875 0.72265625 0.0375 0.03203125
1 0.58984375 0.734375 0.034375 0.03125
1 0.44609375 0.73828125 0.07421875 0.03203125