1 0.178125 0.25859375 0.053125 0.04921875
1 0.3953125 0.28671875 0.0421875 0.03359375
1 0.5953125 0.321875 0.06015625 0.0359375
1 0.7609375 0.34140625 0.03203125 0.0375
1 0.9140625 0.3625 0.03203125 0.03359375
0 0.9171875 0.6875 0.08359375 0.10859375
1 0.03203125 0.77578125 0.0203125 0.0359375
1 0.1296875 0.821875 0.03046875 0.03125
1 0.21796875 0.75859375 0.02421875 0.02890625
1 0.25390625 0.7265625 0.1703125 0.05078125
1 0.19296875 0.77734375 0.02734375 0.0234375
1 0.21171875 0.8078125 0.025 0.02890625
1 0.32890625 0.796875 0.021875 0.01796875
1 0.64765625 0.7390625 0.01953125 0.021875
1 0.6109375 0.76875 0.015625 0.021875
1 0.73984375 0.7390625 0.02578125 0.02109375