1 0.83828125 0.04921875 0.05 0.04296875
1 0.97109375 0.034375 0.0578125 0.053125
0 0.24140625 0.20703125 0.328125 0.41328125
0 0.0453125 0.05078125 0.090625 0.1015625
0 0.0265625 0.23203125 0.05234375 0.12578125
0 0.54765625 0.49453125 0.890625 0.253125
0 0.3078125 0.80703125 0.14296875 0.3859375
0 0.92109375 0.79921875 0.1578125 0.40078125
1 0.484375 0.72265625 0.16015625 0.09453125
1 0.44296875 0.7875 0.09296875 0.09140625
1 0.26640625 0.73203125 0.0375 0.11328125
1 0.73984375 0.2125 0.0171875 0.0390625
1 0.36796875 0.340625 0.040625 0.0296875
1 0.25234375 0.346875 0.040625 0.03359375
1 0.15703125 0.3546875 0.0390625 0.0375
1 0.065625 0.36328125 0.0390625 0.02890625
1 0.46796875 0.34140625 0.06171875 0.03671875
1 0.5734375 0.3359375 0.03828125 0.0359375
1 0.7125 0.3296875 0.06015625 0.03359375
1 0.840625 0.32421875 0.0484375 0.03671875
1 0.9703125 0.30546875 0.05 0.03984375