0 0.46953125 0.4734375 0.81015625 0.19296875
1 0.48671875 0.184375 0.9734375 0.1109375
1 0.76015625 0.3515625 0.47890625 0.703125
0 0.22265625 0.63828125 0.21484375 0.08984375
1 0.03671875 0.76953125 0.0734375 0.0546875
0 0.56640625 0.81484375 0.225 0.3703125
0 0.72578125 0.66640625 0.0328125 0.1375
1 0.7109375 0.7546875 0.08984375 0.0546875
1 0.85234375 0.765625 0.0515625 0.221875
1 0.9125 0.59296875 0.08359375 0.0609375
1 0.39296875 0.75859375 0.03515625 0.078125
1 0.38984375 0.82421875 0.01953125 0.028125
0 0.16171875 0.78671875 0.1 0.053125
0 0.3828125 0.9734375 0.0796875 0.053125