0 0.46640625 0.41796875 0.53046875 0.184375
1 0.09140625 0.2734375 0.0515625 0.03359375
1 0.28359375 0.2796875 0.05 0.0296875
1 0.6515625 0.28984375 0.046875 0.02890625
1 0.83046875 0.29609375 0.0453125 0.02734375
1 0.46875 0.28515625 0.04765625 0.03203125
1 0.2046875 0.615625 0.0421875 0.03125
1 0.69296875 0.61015625 0.03125 0.02578125
1 0.84765625 0.6125 0.0328125 0.025
1 0.471875 0.61875 0.040625 0.02734375
0 0.434375 0.80703125 0.20546875 0.3828125
1 0.9515625 0.6109375 0.0296875 0.02265625
1 0.9328125 0.87265625 0.02109375 0.03671875
1 0.91953125 0.63359375 0.02578125 0.0203125
1 0.5859375 0.6078125 0.02890625 0.025
1 0.6390625 0.68125 0.02890625 0.025
1 0.775 0.68203125 0.02890625 0.02265625
1 0.9328125 0.8203125 0.02421875 0.0265625
1 0.990625 0.29921875 0.01640625 0.0328125
1 0.57109375 0.63125 0.02421875 0.02109375
1 0.865625 0.68125 0.02421875 0.025
1 0.23828125 0.96484375 0.06796875 0.0671875
1 0.54453125 0.675 0.0203125 0.01875