0 0.6171875 0.5375 0.65625 0.1984375
1 0.46796875 0.603125 0.05234375 0.03515625
1 0.640625 0.67734375 0.05703125 0.034375
1 0.91171875 0.70546875 0.06015625 0.03359375
1 0.21484375 0.73984375 0.03828125 0.02421875
1 0.28828125 0.640625 0.0515625 0.0359375
1 0.83515625 0.65234375 0.05625 0.0328125
1 0.48515625 0.696875 0.0515625 0.03828125
1 0.725 0.72734375 0.0484375 0.02890625
1 0.315625 0.7234375 0.040625 0.02734375
0 0.065625 0.77421875 0.13125 0.078125
1 0.54609375 0.740625 0.034375 0.03046875
1 0.9390625 0.74453125 0.04609375 0.02421875
1 0.359375 0.7453125 0.0296875 0.02109375
1 0.678125 0.77890625 0.03671875 0.03125
1 0.15 0.6734375 0.03984375 0.0265625
1 0.8078125 0.7546875 0.04140625 0.025