1 0.8421875 0.76484375 0.04453125 0.0265625
1 0.17890625 0.79140625 0.04375 0.028125
1 0.31953125 0.78359375 0.05 0.03046875
1 0.31953125 0.86171875 0.02890625 0.0296875
1 0.6609375 0.85546875 0.03515625 0.040625
1 0.86171875 0.85859375 0.0328125 0.03671875
0 0.44609375 0.55078125 0.425 0.159375
1 0.10390625 0.79296875 0.04453125 0.0265625
1 0.19921875 0.87265625 0.02734375 0.028125
1 0.48515625 0.315625 0.04375 0.034375
1 0.76953125 0.26484375 0.03984375 0.040625
1 0.05 0.4140625 0.03984375 0.03359375
1 0.36796875 0.8828125 0.03203125 0.0578125
1 0.15078125 0.8328125 0.03046875 0.02265625
1 0.1390625 0.875 0.02421875 0.028125
1 0.6140625 0.91484375 0.0265625 0.03671875
1 0.25234375 0.3671875 0.04609375 0.03359375
1 0.628125 0.8765625 0.02265625 0.0359375
1 0.5484375 0.3953125 0.05859375 0.03125
1 0.315625 0.4421875 0.059375 0.06015625
1 0.11640625 0.46953125 0.05390625 0.04765625
1 0.58671875 0.878125 0.0203125 0.03359375
1 0.82734375 0.8859375 0.021875 0.0234375
1 0.23984375 0.79921875 0.0328125 0.0609375