0 0.4625 0.37109375 0.88359375 0.4234375
1 0.3703125 0.58515625 0.05859375 0.03203125
1 0.7453125 0.57421875 0.2375 0.05
1 0.43984375 0.63359375 0.03046875 0.02734375
1 0.8296875 0.16640625 0.0609375 0.04609375
1 0.46484375 0.6796875 0.02890625 0.03515625
0 0.18046875 0.0671875 0.35625 0.13359375
1 0.52890625 0.76171875 0.025 0.025
1 0.228125 0.28671875 0.04921875 0.0421875
1 0.32421875 0.278125 0.053125 0.040625
1 0.3859375 0.26875 0.04140625 0.03828125
1 0.4984375 0.26328125 0.04453125 0.0359375
1 0.58046875 0.25625 0.05625 0.040625
1 0.66484375 0.24375 0.059375 0.04375
1 0.78203125 0.22578125 0.0625 0.046875
1 0.8578125 0.20859375 0.053125 0.06171875
0 0.20546875 0.61796875 0.14375 0.053125
1 0.49921875 0.72578125 0.04296875 0.02890625
1 0.56171875 0.8015625 0.034375 0.02578125
1 0.409375 0.61484375 0.034375 0.01640625