0 0.46328125 0.34296875 0.8640625 0.56015625
0 0.765625 0.06484375 0.2234375 0.12890625
0 0.9703125 0.40703125 0.059375 0.1828125
0 0.91484375 0.7828125 0.165625 0.12578125
1 0.6453125 0.83359375 0.05390625 0.04375
1 0.74921875 0.66171875 0.04609375 0.025
1 0.84375 0.6890625 0.053125 0.0375
1 0.92890625 0.71171875 0.03203125 0.02890625
1 0.99140625 0.72890625 0.0171875 0.0390625
0 0.425 0.94140625 0.03203125 0.1171875
0 0.234375 0.82265625 0.31484375 0.35390625
1 0.03203125 0.7140625 0.0390625 0.03125