0 0.4828125 0.48671875 0.69921875 0.46015625
0 0.04921875 0.37421875 0.0984375 0.3265625
1 0.17265625 0.25546875 0.0515625 0.02890625
1 0.3390625 0.2640625 0.0625 0.0375
1 0.5 0.27109375 0.0515625 0.03359375
1 0.64609375 0.26171875 0.06015625 0.03203125
1 0.80546875 0.278125 0.0609375 0.0421875
1 0.90234375 0.834375 0.03828125 0.0359375
0 0.27734375 0.90859375 0.17734375 0.18203125
1 0.6546875 0.834375 0.034375 0.06640625
1 0.21953125 0.05625 0.4390625 0.084375
1 0.1140625 0.0046875 0.034375 0.009375