0 0.55859375 0.54140625 0.86953125 0.42578125
1 0.75859375 0.30703125 0.04609375 0.0453125
1 0.59140625 0.32734375 0.065625 0.04609375
1 0.4375 0.33203125 0.06015625 0.0484375
1 0.2796875 0.3359375 0.04375 0.034375
0 0.2046875 0.86953125 0.125 0.2234375
1 0.52578125 0.8125 0.04140625 0.0265625
1 0.5828125 0.828125 0.0328125 0.025
1 0.66875 0.8078125 0.04609375 0.0296875
1 0.721875 0.82109375 0.03359375 0.0328125
1 0.6828125 0.84609375 0.02890625 0.02734375
1 0.8625 0.82578125 0.0375 0.021875
1 0.95078125 0.81484375 0.0390625 0.021875
1 0.94296875 0.86015625 0.034375 0.0234375
1 0.85390625 0.87265625 0.0421875 0.0234375
1 0.84765625 0.75234375 0.0296875 0.01640625
1 0.6 0.75859375 0.03359375 0.02421875
1 0.3671875 0.7625 0.0328125 0.02734375