0 0.52890625 0.0640625 0.7515625 0.09765625
0 0.48828125 0.271875 0.55859375 0.10234375
0 0.57890625 0.82578125 0.8421875 0.31640625
0 0.5859375 0.46640625 0.828125 0.10859375
1 0.40390625 0.63125 0.203125 0.0375
1 0.13828125 0.39765625 0.0390625 0.0234375
1 0.684375 0.375 0.0390625 0.02109375
1 0.25234375 0.39375 0.03828125 0.02265625
1 0.91328125 0.3671875 0.04453125 0.02421875
1 0.46875 0.38203125 0.0375 0.02265625
1 0.7984375 0.37265625 0.04609375 0.0234375
1 0.58125 0.37890625 0.04140625 0.0203125
1 0.40546875 0.590625 0.02734375 0.0203125
1 0.3625 0.3890625 0.04140625 0.02265625
0 0.04140625 0.4375 0.06171875 0.13984375
1 0.60078125 0.62890625 0.021875 0.0171875
1 0.25078125 0.67421875 0.02265625 0.0203125
1 0.21171875 0.6 0.0234375 0.021875
1 0.3109375 0.59296875 0.02421875 0.02265625
1 0.5984375 0.58046875 0.0234375 0.0203125