0 0.425 0.38203125 0.1421875 0.48359375
1 0.68828125 0.11484375 0.1109375 0.2296875
1 0.60703125 0.0140625 0.0640625 0.028125
1 0.421875 0.03828125 0.053125 0.0421875
1 0.62109375 0.303125 0.04765625 0.03359375
1 0.884375 0.45078125 0.04609375 0.03359375
1 0.796875 0.46484375 0.053125 0.03203125
1 0.9234375 0.671875 0.0546875 0.02578125
1 0.82265625 0.67421875 0.07734375 0.03984375
0 0.884375 0.77890625 0.23125 0.08203125
1 0.96953125 0.9390625 0.0609375 0.04921875
1 0.85625 0.946875 0.04609375 0.0359375
1 0.7734375 0.92109375 0.053125 0.1578125
1 0.65078125 0.88515625 0.1203125 0.2296875
1 0.4796875 0.8421875 0.053125 0.315625
1 0.23984375 0.7703125 0.09296875 0.459375