0 0.5359375 0.50625 0.84609375 0.39453125
1 0.6609375 0.74296875 0.040625 0.03984375
1 0.51484375 0.79453125 0.04375 0.0515625
1 0.40703125 0.709375 0.03671875 0.04765625
1 0.27890625 0.76796875 0.0375 0.0375
1 0.39609375 0.83515625 0.04453125 0.0328125
1 0.3 0.87265625 0.04375 0.03671875
1 0.228125 0.8921875 0.02734375 0.0234375
1 0.16640625 0.9125 0.03359375 0.02890625
1 0.18359375 0.8140625 0.028125 0.03671875
1 0.10703125 0.86015625 0.040625 0.02421875
1 0.03828125 0.8828125 0.0390625 0.01953125
1 0.090625 0.66875 0.046875 0.04921875
1 0.0140625 0.7515625 0.028125 0.0296875