0 0.5 0.5890625 0.61796875 0.25546875
0 0.85078125 0.23671875 0.21171875 0.43984375
0 0.41171875 0.078125 0.259375 0.15625
1 0.875 0.9625 0.0453125 0.07421875
0 0.921875 0.6328125 0.11796875 0.1671875
1 0.2515625 0.97109375 0.0515625 0.0578125
1 0.3984375 0.87265625 0.0234375 0.028125
1 0.4484375 0.74140625 0.04453125 0.03125
1 0.59296875 0.76171875 0.0375 0.03359375
1 0.71640625 0.77578125 0.02109375 0.02578125
1 0.7234375 0.021875 0.0515625 0.040625
1 0.97109375 0.32578125 0.02890625 0.028125
1 0.9734375 0.81796875 0.03359375 0.05625