0 0.534375 0.37890625 0.2765625 0.5953125
1 0.03359375 0.90859375 0.0671875 0.040625
1 0.190625 0.69453125 0.0484375 0.04375
1 0.221875 0.64140625 0.046875 0.0375
1 0.32421875 0.4828125 0.04921875 0.04140625
0 0.215625 0.94921875 0.11953125 0.096875
1 0.2140625 0.878125 0.03359375 0.02421875
0 0.31796875 0.271875 0.190625 0.20859375
0 0.26328125 0.4515625 0.12109375 0.10625
1 0.17578125 0.55625 0.03203125 0.02734375
1 0.15 0.58125 0.03515625 0.02734375
1 0.2171875 0.52890625 0.0265625 0.021875
1 0.24453125 0.6734375 0.0265625 0.02421875
1 0.13359375 0.73203125 0.03203125 0.03359375
1 0.4859375 0.73046875 0.03203125 0.0296875
1 0.09765625 0.92578125 0.02421875 0.021875
1 0.121875 0.909375 0.02734375 0.0359375
1 0.16015625 0.71171875 0.03984375 0.0375
0 0.221875 0.75546875 0.11875 0.103125