0 0.78359375 0.396875 0.10859375 0.23125
0 0.58046875 0.19765625 0.10234375 0.24921875
0 0.33671875 0.4375 0.5625 0.17421875
0 0.0671875 0.26328125 0.13359375 0.13203125
1 0.1875 0.5609375 0.0515625 0.04609375
1 0.59921875 0.56484375 0.03671875 0.05859375
1 0.58046875 0.61875 0.03046875 0.01875
1 0.50390625 0.6109375 0.02421875 0.01875
1 0.5203125 0.62890625 0.03828125 0.0125
1 0.528125 0.640625 0.03359375 0.0125
1 0.459375 0.63203125 0.0265625 0.0125
1 0.4078125 0.63515625 0.0296875 0.01640625
1 0.36640625 0.61015625 0.02578125 0.0140625
1 0.34296875 0.63203125 0.02421875 0.0140625
1 0.31640625 0.61796875 0.0296875 0.01875
1 0.29921875 0.63515625 0.0234375 0.0140625
1 0.27109375 0.62265625 0.02734375 0.01953125
1 0.23828125 0.6109375 0.02734375 0.0140625
1 0.23125 0.62890625 0.025 0.01640625
1 0.07890625 0.696875 0.06484375 0.05625