1 0.48359375 0.6046875 0.0578125 0.0296875
1 0.9265625 0.61015625 0.06328125 0.03828125
1 0.59140625 0.7203125 0.14375 0.13359375
1 0.39921875 0.78984375 0.0375 0.02734375
1 0.325 0.68984375 0.04375 0.1078125
1 0.12421875 0.5921875 0.07890625 0.0421875
1 0.93359375 0.20078125 0.08828125 0.04921875
1 0.653125 0.23359375 0.0625 0.0375
1 0.409375 0.215625 0.06484375 0.0296875
1 0.153125 0.1765625 0.0546875 0.03125
0 0.6484375 0.390625 0.3859375 0.20625
0 0.06484375 0.81640625 0.1296875 0.3671875
0 0.9328125 0.06484375 0.13359375 0.1296875