0 0.51171875 0.428125 0.97578125 0.28515625
1 0.95546875 0.5515625 0.03671875 0.04140625
1 0.82734375 0.559375 0.03671875 0.04140625
1 0.75546875 0.61796875 0.034375 0.04140625
1 0.80546875 0.684375 0.02421875 0.0375
1 0.85703125 0.76328125 0.0578125 0.06015625
1 0.95859375 0.7859375 0.0828125 0.1890625
1 0.81953125 0.82265625 0.165625 0.134375
0 0.62890625 0.67578125 0.0875 0.10390625
1 0.6484375 0.57265625 0.03515625 0.0375
1 0.48828125 0.58046875 0.0296875 0.0375
1 0.50546875 0.64140625 0.0265625 0.03203125
1 0.56015625 0.66875 0.03671875 0.04140625
1 0.63125 0.74921875 0.17421875 0.0734375
1 0.33828125 0.5921875 0.03828125 0.02421875
1 0.371875 0.65703125 0.015625 0.02421875
1 0.23203125 0.6109375 0.02109375 0.028125
1 0.246875 0.62421875 0.02265625 0.028125
1 0.29453125 0.7390625 0.0421875 0.04140625
1 0.4640625 0.74609375 0.0328125 0.04921875
1 0.1640625 0.7390625 0.05390625 0.053125