0 0.43515625 0.603125 0.496875 0.33828125
1 0.1484375 0.346875 0.05546875 0.046875
1 0.11484375 0.2125 0.065625 0.03828125
1 0.35625 0.39296875 0.0484375 0.040625
1 0.534375 0.3046875 0.05859375 0.04375
1 0.54453125 0.43125 0.0453125 0.0390625
1 0.70390625 0.34609375 0.04140625 0.03671875
1 0.33828125 0.26015625 0.06796875 0.03984375
1 0.70703125 0.4671875 0.0453125 0.04296875
1 0.06171875 0.8921875 0.0546875 0.03515625
1 0.37421875 0.909375 0.04140625 0.02890625
1 0.8625 0.084375 0.0296875 0.02578125
1 0.94453125 0.1125 0.02734375 0.025
1 0.19765625 0.97890625 0.040625 0.025
1 0.878125 0.30546875 0.01796875 0.02109375
1 0.871875 0.24296875 0.01953125 0.01875
1 0.828125 0.359375 0.034375 0.06015625
1 0.80390625 0.23984375 0.0296875 0.0625
1 0.27890625 0.9453125 0.03828125 0.02421875
1 0.7765625 0.05546875 0.02109375 0.02578125
1 0.5796875 0.95703125 0.0453125 0.02734375
1 0.86796875 0.16953125 0.025 0.028125
1 0.94375 0.26328125 0.021875 0.021875
1 0.94375 0.3234375 0.01875 0.02421875
1 0.94375 0.19453125 0.02421875 0.02578125
1 0.48671875 0.98828125 0.0390625 0.021875