0 0.43515625 0.4453125 0.50234375 0.1875
0 0.05625 0.41875 0.1125 0.328125
0 0.0859375 0.0890625 0.128125 0.178125
0 0.446875 0.04296875 0.446875 0.0859375
0 0.271875 0.92109375 0.06171875 0.0984375
1 0.4140625 0.88671875 0.021875 0.040625
1 0.40859375 0.82109375 0.03359375 0.0328125
1 0.58125 0.7640625 0.02734375 0.03515625
1 0.67890625 0.875 0.04375 0.08671875
1 0.7921875 0.971875 0.046875 0.03984375
1 0.73515625 0.6734375 0.075 0.0375
1 0.44140625 0.6734375 0.0546875 0.02421875
1 0.15546875 0.678125 0.0390625 0.034375