0 0.45703125 0.36484375 0.9078125 0.2921875
1 0.0484375 0.5421875 0.09609375 0.1171875
0 0.85859375 0.0890625 0.0359375 0.178125
1 0.36171875 0.54765625 0.41015625 0.09375
1 0.99140625 0.23515625 0.01484375 0.06015625
1 0.97734375 0.43203125 0.04375 0.0640625
0 0.5859375 0.06484375 0.471875 0.1296875
0 0.8671875 0.23125 0.0578125 0.0859375
0 0.77109375 0.20078125 0.16015625 0.09140625
0 0.26171875 0.03125 0.1640625 0.06171875
0 0.89375 0.56953125 0.04453125 0.071875
0 0.7140625 0.67421875 0.28125 0.084375