1 0.925 0.74296875 0.046875 0.0265625
1 0.52421875 0.86484375 0.0390625 0.02265625
1 0.63046875 0.925 0.1015625 0.0609375
1 0.1984375 0.91484375 0.04609375 0.04765625
1 0.56640625 0.7234375 0.04765625 0.0296875
1 0.74921875 0.7328125 0.04765625 0.02734375
1 0.30546875 0.80234375 0.02734375 0.0203125
1 0.64921875 0.815625 0.03203125 0.0203125
1 0.90625 0.87734375 0.03671875 0.01953125
1 0.63828125 0.98125 0.09921875 0.03671875
1 0.82265625 0.85390625 0.0265625 0.021875
1 0.37265625 0.715625 0.0453125 0.028125
1 0.1625 0.70390625 0.0515625 0.02890625
1 0.9546875 0.828125 0.02734375 0.0203125
1 0.44921875 0.83828125 0.02578125 0.01875
1 0.78359375 0.87265625 0.0296875 0.02109375
1 0.38671875 0.859375 0.0328125 0.02109375
1 0.409375 0.9078125 0.125 0.0796875
1 0.65625 0.86640625 0.02734375 0.02109375
0 0.48671875 0.5015625 0.6171875 0.14765625
1 0.88828125 0.85234375 0.0171875 0.0140625
1 0.74453125 0.8421875 0.01484375 0.01875
1 0.240625 0.86484375 0.03671875 0.040625