0 0.5515625 0.54453125 0.21328125 0.37578125
0 0.18203125 0.66484375 0.07265625 0.16328125
1 0.12265625 0.80390625 0.08671875 0.0734375
1 0.7203125 0.95859375 0.04296875 0.059375
2 0.0265625 0.6828125 0.053125 0.04453125
0 0.17109375 0.94140625 0.06171875 0.11640625
0 0.12890625 0.571875 0.10078125 0.153125
1 0.08046875 0.9265625 0.0578125 0.0390625
1 0.1671875 0.41796875 0.07734375 0.02890625
0 0.59609375 0.95703125 0.2078125 0.0859375
0 0.1859375 0.81328125 0.0609375 0.11875
0 0.1265625 0.721875 0.09765625 0.1140625