0 0.4828125 0.44375 0.87265625 0.3375
1 0.85703125 0.5140625 0.075 0.03671875
1 0.78671875 0.54609375 0.075 0.03515625
1 0.71171875 0.5890625 0.084375 0.05078125
1 0.871875 0.65390625 0.25625 0.0390625
1 0.62578125 0.7 0.74765625 0.0734375
1 0.590625 0.690625 0.05625 0.0578125
1 0.396875 0.7125 0.065625 0.04921875
1 0.25078125 0.7109375 0.05390625 0.0453125
1 0.58125 0.55859375 0.0375 0.03125
1 0.4921875 0.56875 0.0421875 0.0421875
1 0.41640625 0.57578125 0.03515625 0.01015625
1 0.35 0.58359375 0.0328125 0.01953125
1 0.32421875 0.61953125 0.0328125 0.02421875
1 0.4140625 0.60390625 0.03984375 0.0171875
1 0.453125 0.6328125 0.0328125 0.0296875
1 0.484375 0.5984375 0.05859375 0.03125
1 0.02421875 0.703125 0.0484375 0.13125