0 0.59765625 0.44375 0.8 0.38984375
1 0.28671875 0.3671875 0.05625 0.040625
1 0.725 0.17265625 0.04296875 0.0359375
0 0.575 0.7796875 0.1421875 0.140625
1 0.16015625 0.421875 0.05078125 0.03515625
1 0.05234375 0.46796875 0.04375 0.03046875
1 0.14375 0.3515625 0.2859375 0.18984375
1 0.7890625 0.65234375 0.03359375 0.02734375
1 0.5875 0.15390625 0.825 0.30703125
1 0.85546875 0.70390625 0.05390625 0.028125
1 0.45078125 0.70390625 0.046875 0.03125
1 0.1140625 0.7625 0.046875 0.0296875
1 0.1625 0.79921875 0.03515625 0.0265625
1 0.08046875 0.809375 0.03984375 0.02265625
1 0.0359375 0.77890625 0.03046875 0.02109375