0 0.4921875 0.51953125 0.9796875 0.18984375
1 0.703125 0.63671875 0.046875 0.01953125
1 0.57109375 0.62421875 0.0328125 0.02109375
1 0.7890625 0.59375 0.03359375 0.0234375
1 0.12265625 0.65 0.0296875 0.025
1 0.678125 0.6109375 0.03125 0.021875
1 0.21875 0.64609375 0.02890625 0.02265625
1 0.03984375 0.6484375 0.03203125 0.02578125
1 0.796875 0.67734375 0.04921875 0.02734375
1 0.31328125 0.61875 0.028125 0.0171875
1 0.378125 0.640625 0.025 0.01796875
1 0.9109375 0.571875 0.03671875 0.03046875
1 0.26171875 0.6390625 0.02265625 0.0203125
1 0.35703125 0.596875 0.034375 0.0265625
1 0.296875 0.64453125 0.02265625 0.0203125
1 0.75859375 0.7125 0.01953125 0.0171875
1 0.04296875 0.5828125 0.0234375 0.02734375
1 0.13046875 0.5734375 0.025 0.0296875
1 0.21171875 0.5578125 0.0265625 0.0171875
1 0.296875 0.5453125 0.03359375 0.025
1 0.37265625 0.525 0.028125 0.01484375
1 0.40078125 0.565625 0.025 0.0234375
1 0.4296875 0.53671875 0.0234375 0.0234375
1 0.45859375 0.49921875 0.03984375 0.02890625
1 0.50234375 0.5140625 0.03203125 0.0203125
1 0.54140625 0.521875 0.0265625 0.0234375
1 0.57734375 0.53046875 0.028125 0.0265625
1 0.62421875 0.5421875 0.028125 0.025
1 0.67578125 0.546875 0.028125 0.0234375
1 0.7296875 0.5515625 0.0296875 0.02109375
1 0.7890625 0.55390625 0.025 0.02265625
1 0.85703125 0.55234375 0.0296875 0.0296875
1 0.9609375 0.5546875 0.0515625 0.05234375
1 0.8125 0.6328125 0.06484375 0.0328125
1 0.73046875 0.678125 0.0515625 0.04140625
1 0.9125 0.70625 0.03515625 0.0203125
1 0.8578125 0.72265625 0.03828125 0.0296875
1 0.47265625 0.63125 0.03515625 0.0296875
0 0.46796875 0.6609375 0.0703125 0.04765625
1 0.58828125 0.63984375 0.06015625 0.025