0 0.49765625 0.46953125 0.9890625 0.25703125
1 0.3390625 0.24921875 0.040625 0.0375
1 0.5 0.62890625 1 0.09609375
1 0.865625 0.421875 0.0515625 0.0328125
1 0.6421875 0.30234375 0.04453125 0.0390625
1 0.69765625 0.4015625 0.0546875 0.0375
1 0.75390625 0.31953125 0.03984375 0.0390625
1 0.16484375 0.21875 0.03125 0.03359375
1 0.0796875 0.325 0.06796875 0.04140625
1 0.5171875 0.378125 0.0609375 0.034375
1 0.03046875 0.23359375 0.028125 0.02890625
1 0.9265625 0.31640625 0.0265625 0.0234375
1 0.2515625 0.26875 0.028125 0.0234375
1 0.90078125 0.1765625 0.03515625 0.03203125
0 0.58515625 0.07265625 0.20390625 0.1453125
1 0.32265625 0.05546875 0.03984375 0.0359375
1 0.93984375 0.715625 0.11640625 0.03984375
1 0.75625 0.1453125 0.03203125 0.03046875
0 0.8609375 0.06796875 0.275 0.1359375
1 0.49375 0.08828125 0.03125 0.02109375
1 0.64296875 0.0796875 0.0328125 0.02734375
1 0.8828125 0.09140625 0.03671875 0.025
1 0.97421875 0.14609375 0.05078125 0.03125
1 0.30625 0.36171875 0.0828125 0.05234375
1 0.371875 0.66875 0.74375 0.06171875
1 0.49609375 0.79140625 0.9921875 0.0828125