1 0.028125 0.15546875 0.05390625 0.05078125
0 0.0828125 0.08046875 0.09765625 0.16015625
0 0.528125 0.44921875 0.93828125 0.16796875
0 0.0796875 0.6453125 0.0953125 0.19609375
0 0.02890625 0.390625 0.05703125 0.28984375
1 0.83046875 0.0359375 0.02734375 0.03359375
1 0.4765625 0.07890625 0.0328125 0.028125
1 0.88125 0.54921875 0.0265625 0.025
1 0.16953125 0.4 0.040625 0.01796875
1 0.69453125 0.565625 0.0265625 0.02265625
1 0.3578125 0.59765625 0.021875 0.02890625
1 0.434375 0.61953125 0.01640625 0.01875
1 0.90546875 0.56015625 0.025 0.021875
1 0.3703125 0.39375 0.053125 0.02890625
1 0.59296875 0.38046875 0.03828125 0.02890625
1 0.83984375 0.36015625 0.03984375 0.02109375
1 0.646875 0.271875 0.04609375 0.0296875
1 0.87734375 0.259375 0.0609375 0.04921875
1 0.26796875 0.30859375 0.059375 0.0375
0 0.5890625 0.1609375 0.82109375 0.13046875