0 0.36484375 0.803125 0.17421875 0.39375
1 0.2546875 0.3375 0.07265625 0.0453125
1 0.51875 0.40625 0.05546875 0.0421875
1 0.13984375 0.60859375 0.0265625 0.0359375
1 0.446875 0.36953125 0.04453125 0.0625
0 0.946875 0.296875 0.10625 0.29375
1 0.790625 0.17890625 0.0375 0.040625
1 0.62890625 0.63828125 0.021875 0.03125
1 0.478125 0.62734375 0.02109375 0.03125
1 0.86484375 0.3546875 0.0359375 0.03203125
1 0.6921875 0.64375 0.02265625 0.02890625
1 0.28203125 0.6125 0.028125 0.03515625
1 0.64765625 0.11484375 0.05 0.04609375
1 0.38671875 0.61953125 0.02578125 0.02734375
1 0.55625 0.6359375 0.02109375 0.03046875
1 0.746875 0.6484375 0.0203125 0.03125
1 0.92578125 0.384375 0.028125 0.0390625
1 0.79609375 0.6546875 0.01875 0.0296875
1 0.7609375 0.3453125 0.03203125 0.0265625
1 0.1296875 0.69921875 0.021875 0.021875
1 0.69296875 0.4546875 0.04140625 0.028125
0 0.8046875 0.28671875 0.20625 0.1640625
1 0.0921875 0.7171875 0.0171875 0.0171875
1 0.6140625 0.67421875 0.01875 0.02421875
1 0.89765625 0.3734375 0.03046875 0.034375
0 0.37734375 0.48671875 0.75390625 0.2625
0 0.4921875 0.13828125 0.44375 0.26640625
1 0.16953125 0.3 0.04453125 0.0296875