0 0.16640625 0.41484375 0.3328125 0.3109375
0 0.60625 0.553125 0.53984375 0.346875
0 0.984375 0.53671875 0.03125 0.1953125
1 0.93046875 0.53984375 0.13828125 0.31015625
1 0.89140625 0.56640625 0.03359375 0.034375
1 0.8234375 0.52421875 0.02578125 0.025
1 0.7734375 0.50234375 0.034375 0.034375
1 0.69453125 0.478125 0.04453125 0.034375
1 0.609375 0.44375 0.0390625 0.03203125
1 0.5140625 0.403125 0.03828125 0.03828125
1 0.40078125 0.3625 0.04375 0.03125
1 0.27109375 0.328125 0.0625 0.03828125
1 0.109375 0.28359375 0.05859375 0.04296875
2 0.946875 0.2078125 0.08984375 0.16015625
1 0.184375 0.77578125 0.04140625 0.0484375
1 0.0765625 0.778125 0.02890625 0.0421875
1 0.04453125 0.7984375 0.03203125 0.04765625
1 0.45 0.790625 0.0328125 0.04375
1 0.72890625 0.82265625 0.0421875 0.05625
1 0.6921875 0.81640625 0.01953125 0.0234375
0 0.34609375 0.86953125 0.15 0.26015625