0 0.6890625 0.43203125 0.10234375 0.22265625
1 0.684375 0.6984375 0.06640625 0.32421875
1 0.77265625 0.75546875 0.0265625 0.08671875
1 0.9125 0.690625 0.03046875 0.0875
1 0.14921875 0.63828125 0.0484375 0.0296875
1 0.34296875 0.6421875 0.09453125 0.03515625
1 0.8703125 0.3375 0.259375 0.03203125
0 0.934375 0.396875 0.13125 0.09375
0 0.3859375 0.5703125 0.590625 0.0890625
1 0.04765625 0.640625 0.0953125 0.03125
1 0.86796875 0.60859375 0.0328125 0.09296875
1 0.88828125 0.75 0.01953125 0.0671875
0 0.90625 0.30703125 0.1875 0.0953125