0 0.6078125 0.30234375 0.090625 0.44296875
0 0.9109375 0.03828125 0.15625 0.0578125
0 0.9140625 0.11796875 0.12734375 0.08046875
0 0.9015625 0.209375 0.0953125 0.08046875
0 0.92734375 0.2953125 0.1140625 0.06796875
0 0.6859375 0.175 0.06484375 0.12890625
0 0.53828125 0.6125 0.66640625 0.18828125
0 0.93515625 0.67109375 0.1296875 0.18359375
0 0.09296875 0.6125 0.17734375 0.10703125
1 0.05625 0.25703125 0.07890625 0.0359375
1 0.265625 0.27734375 0.08125 0.0390625
1 0.4515625 0.30546875 0.07109375 0.0421875
1 0.06484375 0.65546875 0.02890625 0.046875
1 0.4609375 0.65859375 0.0234375 0.034375
1 0.6359375 0.665625 0.03046875 0.0484375
1 0.86015625 0.68203125 0.03359375 0.046875
1 0.9609375 0.73203125 0.028125 0.0390625
1 0.97109375 0.85390625 0.03125 0.040625