0 0.5546875 0.465625 0.7078125 0.35703125
1 0.50546875 0.66953125 0.04296875 0.0703125
0 0.03046875 0.27890625 0.0609375 0.1234375
1 0.37578125 0.6890625 0.06953125 0.0484375
1 0.0203125 0.49375 0.040625 0.04453125
1 0.61796875 0.115625 0.02890625 0.03125
1 0.75390625 0.74140625 0.4375 0.2296875
1 0.446875 0.6828125 0.07265625 0.04765625
1 0.8484375 0.0640625 0.034375 0.04453125
1 0.71796875 0.06640625 0.02421875 0.021875
1 0.5328125 0.16796875 0.0203125 0.03984375
1 0.4578125 0.209375 0.0171875 0.0296875
0 0.07265625 0.040625 0.1109375 0.08125