1 0.2796875 0.25546875 0.04921875 0.02734375
1 0.178125 0.22578125 0.028125 0.025
1 0.11484375 0.20859375 0.0515625 0.01875
1 0.04609375 0.190625 0.03984375 0.025
1 0.2828125 0.3109375 0.04921875 0.0171875
1 0.184375 0.28671875 0.03125 0.0234375
1 0.2890625 0.35 0.03984375 0.02578125
0 0.52265625 0.50546875 0.4265625 0.090625
0 0.871875 0.521875 0.25625 0.0796875
0 0.890625 0.59921875 0.21875 0.0703125
1 0.753125 0.7140625 0.03125 0.3046875
1 0.88515625 0.853125 0.2296875 0.046875
1 0.6265625 0.721875 0.1984375 0.046875
1 0.37890625 0.5796875 0.04296875 0.02890625
0 0.22421875 0.71484375 0.1140625 0.1546875
0 0.63046875 0.7734375 0.12734375 0.1015625