1 0.346875 0.2265625 0.08671875 0.15078125
1 0.83046875 0.3046875 0.0984375 0.12421875
1 0.90703125 0.3953125 0.071875 0.0828125
0 0.53828125 0.425 0.43046875 0.27890625
1 0.05625 0.259375 0.07734375 0.09375
1 0.20625 0.70078125 0.02265625 0.04765625
1 0.23828125 0.7453125 0.02890625 0.05078125
1 0.203125 0.7359375 0.025 0.02734375
1 0.1671875 0.69296875 0.02734375 0.03828125
1 0.12421875 0.72421875 0.03125 0.06171875
1 0.053125 0.675 0.04609375 0.04765625
1 0.1625 0.74765625 0.02734375 0.0296875
1 0.0578125 0.75 0.040625 0.05625
1 0.02890625 0.74140625 0.0234375 0.03203125
1 0.03359375 0.78515625 0.03125 0.0328125
1 0.01328125 0.82421875 0.0265625 0.3515625
1 0.45234375 0.53984375 0.9046875 0.1234375
1 0.90859375 0.81875 0.034375 0.36171875