1 0.75625 0.0328125 0.0296875 0.0359375
0 0.39375 0.51328125 0.765625 0.590625
1 0.92265625 0.059375 0.028125 0.03203125
1 0.69921875 0.07734375 0.0296875 0.0328125
1 0.64375 0.11953125 0.0296875 0.03125
1 0.54140625 0.19609375 0.0265625 0.03046875
1 0.8 0.1453125 0.025 0.0296875
1 0.4578125 0.7140625 0.01796875 0.02265625
1 0.4953125 0.23203125 0.025 0.02734375
1 0.590625 0.15859375 0.02734375 0.03125
1 0.45 0.26640625 0.025 0.02890625
1 0.50234375 0.6921875 0.01953125 0.021875
1 0.409375 0.2953125 0.025 0.02890625
1 0.8890625 0.50859375 0.0234375 0.025
1 0.7609375 0.56875 0.021875 0.02265625
1 0.33203125 0.35546875 0.02265625 0.028125
1 0.11640625 0.51875 0.01796875 0.02265625
1 0.26484375 0.40703125 0.02109375 0.02578125
1 0.090625 0.5390625 0.0171875 0.021875
1 0.70234375 0.59765625 0.021875 0.025
1 0.596875 0.64765625 0.02109375 0.02265625
1 0.153125 0.85625 0.01640625 0.0203125
1 0.5484375 0.67109375 0.021875 0.021875
1 0.203125 0.45546875 0.02109375 0.02421875
1 0.24296875 0.81328125 0.0171875 0.02265625
1 0.3703125 0.3265625 0.021875 0.02734375
1 0.29765625 0.38203125 0.025 0.028125
1 0.12734375 0.86875 0.01796875 0.0203125
1 0.4171875 0.73125 0.01875 0.02265625
1 0.8203125 0.5390625 0.0171875 0.021875
1 0.065625 0.559375 0.01796875 0.021875
1 0.96015625 0.4734375 0.02578125 0.02734375
1 0.34140625 0.76640625 0.015625 0.0203125
1 0.50546875 0.884375 0.01640625 0.01796875
1 0.35390625 0.790625 0.015625 0.01796875
1 0.14375 0.49921875 0.0203125 0.025
1 0.60234375 0.84921875 0.01875 0.0234375
1 0.64296875 0.62265625 0.0125 0.0203125
1 0.04140625 0.57734375 0.015625 0.021875
1 0.1734375 0.47734375 0.02265625 0.02421875
1 0.1796875 0.84140625 0.0140625 0.0203125
1 0.2125 0.82734375 0.01875 0.021875
1 0.23125 0.43125 0.02109375 0.02265625
1 0.275 0.7984375 0.01796875 0.021875
1 0.053125 0.9046875 0.01640625 0.01875
1 0.01875 0.59453125 0.015625 0.021875
1 0.07734375 0.89375 0.01796875 0.02109375
1 0.06640625 0.92265625 0.015625 0.01875
1 0.146875 0.590625 0.01875 0.0203125
1 0.71171875 0.8125 0.0328125 0.02421875
1 0.81875 0.0046875 0.03828125 0.00859375
1 0.54453125 0.8765625 0.015625 0.0203125
1 0.6203125 0.92578125 0.01484375 0.0203125
1 0.09609375 0.8796875 0.0125 0.01953125
1 0.0046875 0.6125 0.009375 0.01953125
1 0.7640625 0.79140625 0.0203125 0.02421875
1 0.93203125 0.7515625 0.01953125 0.02265625
1 0.08671875 0.93671875 0.01484375 0.02109375
1 0.57421875 0.878125 0.0140625 0.02109375
1 0.6390625 0.24921875 0.02578125 0.034375
1 0.5859375 0.2875 0.03046875 0.03984375
1 0.54140625 0.3140625 0.025 0.0234375
1 0.5078125 0.34140625 0.02421875 0.03203125
1 0.4671875 0.36796875 0.0296875 0.0375
1 0.4265625 0.396875 0.0203125 0.021875
1 0.3875 0.41796875 0.0234375 0.03359375
1 0.171875 0.56953125 0.01640625 0.028125
1 0.425 0.91953125 0.01796875 0.028125
1 0.3921875 0.92734375 0.021875 0.01640625
1 0.203125 0.98984375 0.02265625 0.01796875
1 0.56328125 0.9015625 0.0265625 0.01640625
1 0.8921875 0.7484375 0.0265625 0.0296875
1 0.9578125 0.74296875 0.021875 0.0203125
1 0.74140625 0.82109375 0.0140625 0.01796875