1 0.40390625 0.1671875 0.0609375 0.07265625
1 0.29296875 0.31171875 0.05703125 0.08046875
1 0.2109375 0.41796875 0.0515625 0.06953125
1 0.14375 0.50625 0.03828125 0.0671875
0 0.08515625 0.77109375 0.1140625 0.16015625
0 0.48046875 0.459375 0.5046875 0.5890625
1 0.60234375 0.66171875 0.7953125 0.4421875
1 0.084375 0.9546875 0.02890625 0.03984375
1 0.0453125 0.96953125 0.0328125 0.034375
1 0.01484375 0.9796875 0.0296875 0.0328125
1 0.00859375 0.61171875 0.0171875 0.01796875
1 0.0921875 0.35078125 0.03046875 0.05078125