0 0.41875 0.63828125 0.83125 0.2578125
1 0.309375 0.8640625 0.0390625 0.03515625
1 0.3359375 0.93515625 0.0453125 0.03515625
0 0.89453125 0.903125 0.209375 0.19296875
1 0.9328125 0.39140625 0.0859375 0.0578125
1 0.55703125 0.8203125 0.04375 0.0375
1 0.35234375 0.81484375 0.04296875 0.0328125
1 0.5296875 0.86640625 0.040625 0.0359375
1 0.43125 0.98984375 0.0203125 0.0203125
1 0.38515625 0.79375 0.02578125 0.0203125
1 0.50859375 0.809375 0.03359375 0.02890625
1 0.49140625 0.8234375 0.0296875 0.01875
1 0.4078125 0.8171875 0.028125 0.0203125
1 0.3578125 0.875 0.03828125 0.0328125