1 0.11171875 0.459375 0.065625 0.04140625
1 0.215625 0.45625 0.06640625 0.0453125
1 0.340625 0.4453125 0.0609375 0.04921875
1 0.45546875 0.453125 0.05078125 0.04296875
1 0.5734375 0.44375 0.053125 0.04765625
1 0.6984375 0.4421875 0.0546875 0.046875
1 0.83671875 0.4375 0.05390625 0.05703125
1 0.97109375 0.4296875 0.0546875 0.05078125
1 0.5515625 0.70859375 0.03203125 0.04140625
1 0.67265625 0.7203125 0.03984375 0.03984375
1 0.79296875 0.71171875 0.040625 0.02109375
1 0.93359375 0.71640625 0.021875 0.0296875
1 0.98828125 0.78515625 0.02265625 0.02578125
1 0.946875 0.79609375 0.0140625 0.01875
1 0.91640625 0.8140625 0.01328125 0.0140625
1 0.82890625 0.8125 0.16015625 0.09140625
1 0.70390625 0.89921875 0.0390625 0.0375
1 0.55078125 0.79609375 0.04921875 0.05859375
1 0.51953125 0.06171875 0.9609375 0.1234375
1 0.6234375 0.20703125 0.0328125 0.0296875
1 0.3484375 0.2109375 0.04296875 0.03203125
1 0.371875 0.2765625 0.03046875 0.02890625