1 0.48359375 0.68984375 0.0453125 0.03203125
1 0.37734375 0.67578125 0.04921875 0.0375
1 0.26015625 0.66015625 0.05625 0.03828125
1 0.5796875 0.70078125 0.04296875 0.034375
1 0.7515625 0.7203125 0.04609375 0.0390625
1 0.66953125 0.7109375 0.0453125 0.034375
1 0.4328125 0.68203125 0.03828125 0.03125
1 0.1953125 0.65390625 0.0421875 0.0296875
1 0.42578125 0.2203125 0.38984375 0.4296875
0 0.9140625 0.1390625 0.171875 0.09375
1 0.128125 0.64296875 0.0546875 0.03515625
1 0.20078125 0.153125 0.040625 0.0375
1 0.0421875 0.1671875 0.08359375 0.33359375
1 0.94140625 0.4234375 0.0828125 0.0296875
0 0.459375 0.53125 0.77265625 0.30078125
1 0.15234375 0.12734375 0.034375 0.0296875
1 0.934375 0.91015625 0.13125 0.053125
0 0.91328125 0.678125 0.15078125 0.09921875
0 0.903125 0.5328125 0.19296875 0.11015625
1 0.72265625 0.35546875 0.15234375 0.0484375
0 0.821875 0.26953125 0.35625 0.1046875
1 0.62421875 0.70703125 0.034375 0.02734375