0 0.50703125 0.49140625 0.7234375 0.165625
0 0.65703125 0.17734375 0.07890625 0.3546875
1 0.48515625 0.27421875 0.0234375 0.0453125
1 0.56484375 0.6328125 0.05625 0.0328125
1 0.41484375 0.63125 0.05234375 0.025
1 0.26640625 0.628125 0.0453125 0.0265625
1 0.3453125 0.66875 0.01796875 0.015625
1 0.3703125 0.69609375 0.025 0.01875
1 0.5265625 0.67109375 0.02421875 0.01796875
1 0.49921875 0.71796875 0.02421875 0.01640625
1 0.5234375 0.75078125 0.01796875 0.021875
1 0.60703125 0.73828125 0.0203125 0.025
1 0.534375 0.82265625 0.01953125 0.01953125
1 0.5578125 0.8 0.0390625 0.0484375
1 0.475 0.8015625 0.09609375 0.03515625
1 0.4703125 0.76875 0.0609375 0.03203125
1 0.42265625 0.76015625 0.0328125 0.0234375
1 0.35703125 0.75078125 0.0265625 0.0265625
1 0.29140625 0.7328125 0.02890625 0.0484375
1 0.29296875 0.77734375 0.01875 0.01953125
1 0.33828125 0.784375 0.059375 0.07578125
1 0.41875 0.903125 0.01875 0.08828125
1 0.98359375 0.8234375 0.0328125 0.03515625
0 0.97109375 0.3875 0.0578125 0.2328125
1 0.2921875 0.83515625 0.02265625 0.0234375