0 0.61328125 0.45390625 0.63046875 0.36796875
1 0.4265625 0.81875 0.0359375 0.025
1 0.771875 0.9390625 0.0296875 0.0296875
1 0.7703125 0.83359375 0.02734375 0.021875
1 0.359375 0.9765625 0.0359375 0.03359375
1 0.803125 0.9546875 0.028125 0.0265625
1 0.48203125 0.90078125 0.06171875 0.03046875
1 0.3703125 0.890625 0.02578125 0.0203125
1 0.8015625 0.85625 0.02734375 0.0234375
1 0.33515625 0.78125 0.03515625 0.02734375
1 0.12734375 0.3171875 0.0515625 0.03515625
1 0.85078125 0.8625 0.03828125 0.0296875