1 0.91171875 0.8046875 0.04453125 0.040625
1 0.04921875 0.55 0.0703125 0.0765625
0 0.45 0.38828125 0.81640625 0.63203125
1 0.5515625 0.81171875 0.03125 0.03984375
1 0.20078125 0.634375 0.04765625 0.0515625
1 0.94375 0.775 0.03515625 0.03203125
1 0.43125 0.64453125 0.0515625 0.05703125
1 0.02734375 0.66015625 0.0484375 0.04296875
1 0.3125 0.6546875 0.0421875 0.04453125
1 0.09765625 0.61171875 0.03671875 0.05390625
1 0.87578125 0.7625 0.03203125 0.03125
1 0.94765625 0.70234375 0.1046875 0.1203125
0 0.875 0.6484375 0.10546875 0.1515625
1 0.77265625 0.73828125 0.03125 0.03828125
1 0.72421875 0.75859375 0.04921875 0.04453125
1 0.6828125 0.75 0.04296875 0.034375
1 0.628125 0.7078125 0.053125 0.06796875
1 0.5390625 0.71953125 0.1125 0.05703125
1 0.41015625 0.725 0.12578125 0.090625
1 0.2421875 0.66015625 0.06796875 0.05078125
1 0.28359375 0.62109375 0.0546875 0.034375
1 0.35 0.65625 0.0578125 0.053125
1 0.153125 0.63828125 0.04140625 0.03125
1 0.03046875 0.59609375 0.0609375 0.0421875
1 0.065625 0.74453125 0.13046875 0.115625