1 0.48359375 0.05390625 0.04765625 0.03125
1 0.884375 0.05546875 0.06953125 0.02109375
1 0.875 0.1171875 0.03671875 0.0484375
1 0.96953125 0.0578125 0.0609375 0.03359375
0 0.496875 0.440625 0.2265625 0.73046875
0 0.20078125 0.09609375 0.4015625 0.14296875
0 0.7953125 0.8390625 0.0625 0.18203125
0 0.76328125 0.95546875 0.084375 0.08828125
0 0.903125 0.93828125 0.053125 0.03828125
0 0.64140625 0.91484375 0.12890625 0.0890625
1 0.715625 0.78984375 0.0796875 0.06484375
0 0.6546875 0.77890625 0.04296875 0.0546875
1 0.5640625 0.815625 0.03671875 0.040625
1 0.52421875 0.92109375 0.07578125 0.1578125
1 0.92890625 0.5671875 0.1359375 0.2