0 0.53984375 0.56484375 0.18984375 0.265625
0 0.90078125 0.91640625 0.1984375 0.16640625
1 0.634375 0.85078125 0.05234375 0.03828125
1 0.4 0.828125 0.05234375 0.0453125
1 0.45 0.9125 0.040625 0.0328125
1 0.3671875 0.89609375 0.040625 0.03125
1 0.26640625 0.875 0.0421875 0.025
1 0.13828125 0.85 0.0359375 0.03515625
1 0.07265625 0.88203125 0.03046875 0.0234375
1 0.0078125 0.91484375 0.01484375 0.02421875
1 0.15390625 0.690625 0.0328125 0.0234375
1 0.74140625 0.39921875 0.025 0.02421875
1 0.70625 0.3453125 0.0265625 0.0296875
1 0.67421875 0.28515625 0.01953125 0.03125
1 0.62421875 0.21328125 0.028125 0.0296875
1 0.53359375 0.15234375 0.02734375 0.04609375
1 0.4875 0.24765625 0.0265625 0.03515625
1 0.38671875 0.2015625 0.02421875 0.03515625
1 0.43046875 0.090625 0.0265625 0.03828125
1 0.29765625 0.02734375 0.0359375 0.0328125
1 0.271875 0.15 0.0296875 0.0328125
1 0.1421875 0.0890625 0.021875 0.03828125
1 0.8203125 0.8171875 0.05078125 0.03828125