1 0.8296875 0.38515625 0.340625 0.4921875
0 0.5 0.440625 1 0.53203125
0 0.13359375 0.03671875 0.16640625 0.07265625
1 0.93515625 0.7328125 0.05546875 0.03125
1 0.86875 0.7296875 0.0703125 0.0375
1 0.8 0.7375 0.1046875 0.03984375
1 0.72421875 0.7453125 0.025 0.01015625
1 0.803125 0.77890625 0.053125 0.0234375
1 0.69921875 0.7390625 0.0203125 0.0125
1 0.671875 0.7328125 0.0234375 0.01328125
1 0.63984375 0.72421875 0.02421875 0.01328125
1 0.621875 0.73828125 0.02265625 0.015625
1 0.59296875 0.73125 0.025 0.0140625
1 0.6546875 0.96328125 0.021875 0.03515625
1 0.73359375 0.96484375 0.034375 0.03671875
1 0.81015625 0.96640625 0.01953125 0.0375
1 0.890625 0.97421875 0.02265625 0.02734375
1 0.47265625 0.73828125 0.0453125 0.01953125