1 0.40078125 0.7890625 0.059375 0.03828125
1 0.753125 0.83046875 0.0546875 0.0375
1 0.903125 0.84765625 0.05234375 0.03515625
1 0.78359375 0.72421875 0.0625 0.0375
1 0.52265625 0.7046875 0.040625 0.034375
1 0.2234375 0.65546875 0.04296875 0.0390625
0 0.81953125 0.25703125 0.3609375 0.2765625
1 0.63515625 0.72578125 0.03828125 0.03671875
0 0.49765625 0.88515625 0.9859375 0.2296875
1 0.81171875 0.33125 0.06875 0.05078125
1 0.58046875 0.81015625 0.0625 0.03828125
1 0.0484375 0.63359375 0.0296875 0.03671875
1 0.1359375 0.675 0.03203125 0.0234375
0 0.28046875 0.38359375 0.559375 0.4046875
1 0.91796875 0.61640625 0.03359375 0.03125
1 0.6046875 0.55625 0.03203125 0.03359375
1 0.20078125 0.775 0.0453125 0.03671875
1 0.5015625 0.1671875 0.98984375 0.325
1 0.459375 0.24140625 0.04921875 0.04453125
1 0.0296875 0.115625 0.059375 0.0609375
0 0.80390625 0.50625 0.39140625 0.20703125