1 0.071875 0.971875 0.11953125 0.04921875
0 0.58515625 0.1296875 0.15703125 0.096875
0 0.89921875 0.96640625 0.19765625 0.06484375
0 0.5640625 0.1796875 0.23203125 0.12109375
0 0.575 0.24765625 0.18359375 0.1203125
0 0.55703125 0.3015625 0.18671875 0.1125
0 0.559375 0.3609375 0.178125 0.08515625
0 0.54765625 0.42109375 0.228125 0.11484375
0 0.56171875 0.4890625 0.25703125 0.12734375
0 0.55390625 0.55234375 0.1984375 0.11015625
0 0.55078125 0.6171875 0.178125 0.09375
0 0.546875 0.69375 0.19296875 0.10234375
0 0.54296875 0.7671875 0.24296875 0.1171875
0 0.5390625 0.84453125 0.2484375 0.11875
0 0.5484375 0.9328125 0.203125 0.0984375