0 0.50625 0.525 0.98203125 0.33671875
1 0.8484375 0.77421875 0.03984375 0.03046875
1 0.709375 0.865625 0.0234375 0.01875
1 0.953125 0.80390625 0.04453125 0.02109375
1 0.58828125 0.84765625 0.02890625 0.01953125
1 0.61796875 0.80625 0.0296875 0.01953125
1 0.7578125 0.83359375 0.034375 0.01875
1 0.87578125 0.86015625 0.025 0.01328125
1 0.965625 0.87265625 0.0234375 0.01328125
1 0.9625 0.90234375 0.01953125 0.01640625
1 0.80546875 0.88046875 0.0234375 0.0171875
1 0.75703125 0.90546875 0.0265625 0.01953125
1 0.67578125 0.89453125 0.03125 0.01875
1 0.57890625 0.88125 0.0296875 0.01875
1 0.4671875 0.8671875 0.021875 0.01953125
1 0.43515625 0.8203125 0.0234375 0.01875
1 0.3234375 0.8515625 0.028125 0.01484375
1 0.15390625 0.828125 0.03984375 0.01953125
1 0.22421875 0.809375 0.4484375 0.02890625
1 0.728125 0.85390625 0.54375 0.1203125