0 0.53828125 0.4140625 0.6296875 0.12421875
0 0.14765625 0.53828125 0.05625 0.29296875
0 0.5234375 0.10546875 0.95078125 0.21015625
1 0.8859375 0.48046875 0.03203125 0.0328125
1 0.89296875 0.50546875 0.02265625 0.01875
1 0.8796875 0.5296875 0.015625 0.02109375
1 0.88515625 0.5484375 0.021875 0.0234375
1 0.8578125 0.5515625 0.01484375 0.01875
1 0.8390625 0.53515625 0.01640625 0.01640625
1 0.834375 0.553125 0.0125 0.01796875
1 0.81875 0.5515625 0.0171875 0.01640625
1 0.81171875 0.5375 0.0140625 0.01875
1 0.828125 0.525 0.01875 0.025
1 0.846875 0.5015625 0.0234375 0.015625
1 0.81875 0.4984375 0.0203125 0.02109375
1 0.81328125 0.4703125 0.02578125 0.01640625
1 0.72890625 0.47421875 0.0359375 0.0234375
1 0.62265625 0.48125 0.02890625 0.0140625
1 0.63984375 0.55 0.01796875 0.0375
1 0.6171875 0.49296875 0.0203125 0.0140625
1 0.596875 0.49765625 0.01328125 0.01640625
1 0.62578125 0.509375 0.015625 0.015625
1 0.60625 0.50703125 0.015625 0.01328125
1 0.5953125 0.5203125 0.01875 0.01953125
1 0.57734375 0.52109375 0.015625 0.01796875
0 0.81796875 0.6421875 0.0953125 0.1203125
1 0.48828125 0.51484375 0.01953125 0.02421875
1 0.4734375 0.5328125 0.02421875 0.02109375
1 0.45078125 0.55234375 0.02734375 0.03515625
1 0.43828125 0.5265625 0.0171875 0.01953125
1 0.40703125 0.534375 0.05390625 0.04921875