0 0.49609375 0.51484375 0.496875 0.284375
1 0.2171875 0.37578125 0.0671875 0.0421875
1 0.24453125 0.68203125 0.0703125 0.0265625
1 0.46640625 0.35546875 0.0625 0.03203125
1 0.97578125 0.30703125 0.0484375 0.0484375
1 0.01484375 0.3890625 0.0296875 0.034375
1 0.03359375 0.690625 0.05234375 0.025
1 0.76171875 0.7921875 0.03671875 0.01875
0 0.9078125 0.81953125 0.1828125 0.08828125
1 0.96640625 0.65546875 0.06640625 0.025
1 0.90703125 0.78359375 0.03125 0.01796875
1 0.71875 0.66328125 0.0421875 0.02109375
1 0.7125 0.334375 0.065625 0.0265625
1 0.9546875 0.69609375 0.03359375 0.02578125
1 0.1390625 0.75546875 0.028125 0.021875
1 0.959375 0.7328125 0.0359375 0.0234375
1 0.465625 0.67421875 0.071875 0.02109375
1 0.8984375 0.73515625 0.03359375 0.02265625
1 0.89765625 0.7015625 0.03671875 0.02578125
1 0.096875 0.759375 0.03125 0.02578125
1 0.09921875 0.72890625 0.0296875 0.02890625
1 0.13828125 0.72578125 0.01796875 0.01953125
1 0.2 0.72265625 0.03671875 0.025
1 0.1921875 0.75234375 0.03984375 0.02109375
1 0.24765625 0.7234375 0.0328125 0.02109375
1 0.2375 0.75234375 0.03125 0.025
1 0.29609375 0.721875 0.0296875 0.02734375
1 0.28984375 0.75078125 0.021875 0.02578125
1 0.33828125 0.71796875 0.028125 0.025
1 0.340625 0.75 0.03671875 0.0296875
1 0.3953125 0.7140625 0.03671875 0.02734375
1 0.39375 0.74375 0.03671875 0.0296875
1 0.44453125 0.71484375 0.0328125 0.02890625
1 0.4484375 0.74609375 0.0265625 0.02109375
1 0.5015625 0.71171875 0.034375 0.02734375
1 0.5 0.74375 0.028125 0.02578125
1 0.5515625 0.71171875 0.03125 0.02734375
1 0.553125 0.7453125 0.034375 0.0296875
1 0.60859375 0.70625 0.0296875 0.02890625
1 0.6109375 0.74140625 0.03828125 0.03203125
1 0.665625 0.70625 0.04140625 0.02890625
1 0.66328125 0.740625 0.03671875 0.02734375
1 0.721875 0.7078125 0.03828125 0.0296875
1 0.72109375 0.73671875 0.0328125 0.02734375
1 0.77734375 0.703125 0.0328125 0.0296875
1 0.7734375 0.7328125 0.0328125 0.03203125
1 0.83515625 0.703125 0.03671875 0.02734375
1 0.83359375 0.734375 0.03671875 0.02734375
0 0.22109375 0.82890625 0.2234375 0.078125
1 0.0703125 0.86796875 0.034375 0.190625