0 0.50390625 0.30390625 0.62109375 0.32734375
0 0.09765625 0.25234375 0.1953125 0.4296875
0 0.0640625 0.734375 0.128125 0.53046875
0 0.9546875 0.078125 0.090625 0.1
0 0.2875 0.71953125 0.0796875 0.30078125
1 0.4109375 0.7984375 0.13515625 0.2203125
1 0.5390625 0.515625 0.61171875 0.09609375
1 0.4796875 0.09765625 0.06328125 0.05234375
1 0.56484375 0.14453125 0.05625 0.04375
1 0.6703125 0.18046875 0.05625 0.0421875
1 0.74921875 0.209375 0.0375 0.03671875
1 0.8296875 0.240625 0.03515625 0.03359375
1 0.89765625 0.26875 0.03984375 0.03671875
1 0.9640625 0.30234375 0.0375 0.0265625
1 0.79921875 0.10625 0.38984375 0.21171875