0 0.77109375 0.74453125 0.0640625 0.0890625
0 0.43671875 0.4578125 0.45390625 0.2234375
1 0.2671875 0.884375 0.0453125 0.028125
1 0.35 0.8609375 0.05703125 0.028125
1 0.45625 0.83515625 0.0609375 0.02890625
0 0.88984375 0.871875 0.20234375 0.2546875
1 0.196875 0.90390625 0.0453125 0.02890625
1 0.1390625 0.91875 0.04140625 0.02734375
1 0.06328125 0.98359375 0.03671875 0.02890625
0 0.17421875 0.5171875 0.10546875 0.1578125
0 0.546875 0.2421875 0.3546875 0.29140625
1 0.390625 0.9328125 0.02578125 0.01875