0 0.43984375 0.52421875 0.6796875 0.15546875
1 0.2109375 0.66875 0.03984375 0.02265625
1 0.78828125 0.67890625 0.0515625 0.03515625
1 0.3359375 0.80546875 0.02109375 0.01953125
1 0.34921875 0.76328125 0.69765625 0.046875
1 0.3234375 0.778125 0.0203125 0.015625
1 0.58828125 0.78515625 0.02421875 0.02421875
1 0.0625 0.71484375 0.0296875 0.028125
1 0.64375 0.815625 0.02265625 0.02265625
1 0.61953125 0.8265625 0.0203125 0.02109375
1 0.6609375 0.784375 0.02265625 0.01875
1 0.27890625 0.7671875 0.02109375 0.0171875
1 0.2265625 0.77265625 0.02578125 0.01875
1 0.38984375 0.78046875 0.02421875 0.01953125
1 0.43359375 0.6890625 0.203125 0.03046875
1 0.2734375 0.73671875 0.096875 0.02578125
1 0.68671875 0.82265625 0.0265625 0.021875
1 0.0640625 0.671875 0.128125 0.02421875
1 0.25078125 0.80625 0.0203125 0.02109375
1 0.64140625 0.76171875 0.028125 0.0265625
1 0.2234375 0.80703125 0.01796875 0.0171875
1 0.62578125 0.78828125 0.021875 0.01640625
1 0.0828125 0.72734375 0.021875 0.02109375
1 0.946875 0.7078125 0.03671875 0.025
1 0.12734375 0.715625 0.02265625 0.021875
1 0.83515625 0.7125 0.2703125 0.07265625
1 0.46171875 0.74296875 0.18984375 0.0265625
1 0.509375 0.7328125 0.03203125 0.02265625
1 0.45 0.73359375 0.0265625 0.01015625
1 0.3671875 0.72421875 0.025 0.01875
1 0.24609375 0.721875 0.028125 0.02109375