1 0.07734375 0.3671875 0.053125 0.03125
1 0.36015625 0.3765625 0.0390625 0.03203125
1 0.5015625 0.38125 0.0421875 0.021875
1 0.64453125 0.38515625 0.03671875 0.02109375
1 0.784375 0.38984375 0.04140625 0.02421875
1 0.9359375 0.39765625 0.034375 0.025
0 0.34375 0.5265625 0.49375 0.2015625
0 0.84453125 0.55078125 0.259375 0.08125
1 0.86015625 0.72265625 0.0390625 0.0296875
1 0.71171875 0.7125 0.05703125 0.03828125
1 0.57421875 0.71015625 0.03203125 0.03125
1 0.40546875 0.7046875 0.04921875 0.0453125
1 0.23984375 0.69921875 0.0375 0.03203125
1 0.03671875 0.68984375 0.03125 0.02890625
1 0.33828125 0.846875 0.0234375 0.034375
1 0.41875 0.78125 0.02890625 0.025
1 0.45078125 0.87578125 0.0375 0.07421875
1 0.60234375 0.79453125 0.06796875 0.06796875
1 0.525 0.8109375 0.0515625 0.0640625
1 0.2734375 0.8375 0.04140625 0.0453125
1 0.090625 0.90078125 0.0421875 0.04375
1 0.8796875 0.87890625 0.01328125 0.021875