0 0.56484375 0.47890625 0.7671875 0.25
1 0.19375 0.68515625 0.0734375 0.06171875
1 0.08125 0.4140625 0.05859375 0.0546875
1 0.7875 0.75703125 0.040625 0.046875
0 0.1609375 0.18359375 0.18828125 0.0828125
1 0.04453125 0.2046875 0.028125 0.0390625
1 0.00859375 0.2015625 0.01640625 0.03359375
1 0.1078125 0.15 0.03203125 0.025
1 0.17578125 0.1515625 0.03515625 0.03359375
1 0.7625 0.66796875 0.1015625 0.03125
1 0.8234375 0.66640625 0.03984375 0.02265625
1 0.8234375 0.7046875 0.03359375 0.01484375
1 0.77109375 0.68984375 0.03203125 0.0171875
1 0.74765625 0.6953125 0.025 0.0140625
1 0.74453125 0.709375 0.028125 0.0109375
1 0.725 0.7015625 0.0234375 0.0109375
1 0.73046875 0.65703125 0.028125 0.01875
1 0.6609375 0.70859375 0.028125 0.0171875
1 0.471875 0.66796875 0.09296875 0.02109375
0 0.390625 0.8765625 0.1453125 0.24609375