0 0.490625 0.43515625 0.98125 0.3578125
1 0.93203125 0.3265625 0.065625 0.0421875
1 0.80859375 0.30390625 0.06015625 0.03671875
1 0.68046875 0.29375 0.05078125 0.02109375
1 0.54453125 0.27734375 0.053125 0.028125
1 0.396875 0.26796875 0.05390625 0.03984375
1 0.234375 0.2515625 0.05546875 0.028125
1 0.06171875 0.2359375 0.0375 0.02578125
1 0.1671875 0.07109375 0.03359375 0.03359375
1 0.46953125 0.10234375 0.028125 0.0421875
1 0.721875 0.11796875 0.0203125 0.02890625
1 0.19609375 0.63203125 0.3921875 0.06015625
1 0.19140625 0.67421875 0.3828125 0.0265625
1 0.17421875 0.71015625 0.3265625 0.04453125
1 0.19921875 0.7390625 0.2609375 0.01875
1 0.171875 0.75859375 0.1765625 0.0265625
1 0.31328125 0.753125 0.09140625 0.04296875
1 0.56953125 0.621875 0.221875 0.0546875
1 0.50234375 0.659375 0.02890625 0.03203125
1 0.465625 0.67421875 0.02109375 0.02578125
1 0.62265625 0.67421875 0.24140625 0.06328125
1 0.434375 0.90078125 0.059375 0.1203125