0 0.5765625 0.3625 0.846875 0.45625
0 0.134375 0.175 0.26875 0.35
1 0.27421875 0.64140625 0.08125 0.06171875
1 0.65234375 0.6375 0.0890625 0.04765625
1 0.825 0.815625 0.0234375 0.0265625
1 0.8171875 0.83828125 0.028125 0.0234375
1 0.575 0.8140625 0.02109375 0.0171875
1 0.68828125 0.7609375 0.05546875 0.02109375
1 0.60625 0.83671875 0.02734375 0.02578125
1 0.62578125 0.85390625 0.021875 0.01484375
1 0.6109375 0.88046875 0.02109375 0.021875
1 0.8546875 0.88671875 0.0359375 0.02578125
1 0.46015625 0.81484375 0.0203125 0.03046875