1 0.0875 0.1390625 0.0734375 0.03359375
1 0.91875 0.309375 0.0609375 0.02890625
1 0.7671875 0.2796875 0.0609375 0.0296875
0 0.5796875 0.39375 0.778125 0.31015625
1 0.365625 0.19296875 0.07109375 0.03359375
1 0.5875 0.24453125 0.065625 0.02890625
1 0.96796875 0.17421875 0.0625 0.125
1 0.9328125 0.03046875 0.1328125 0.059375
1 0.65234375 0.18359375 0.0359375 0.03046875
1 0.17578125 0.07265625 0.03125 0.028125
1 0.9828125 0.28515625 0.03359375 0.025
0 0.1015625 0.34921875 0.203125 0.33125
1 0.39296875 0.73203125 0.025 0.0234375
1 0.34375 0.72734375 0.0265625 0.01640625
1 0.27421875 0.7359375 0.0265625 0.03828125
1 0.228125 0.74453125 0.0234375 0.01875
1 0.13203125 0.784375 0.0625 0.05546875