1 0.3359375 0.11875 0.08125 0.0828125
1 0.503125 0.2671875 0.0578125 0.07578125
1 0.628125 0.365625 0.065625 0.06796875
1 0.71875 0.4421875 0.04296875 0.05546875
0 0.63671875 0.5125 0.18828125 0.27578125
0 0.3015625 0.30625 0.21015625 0.3453125
0 0.88203125 0.36328125 0.209375 0.7171875
1 0.8703125 0.72578125 0.0296875 0.05390625
1 0.94765625 0.7671875 0.02421875 0.03203125
1 0.9921875 0.76640625 0.015625 0.0296875
1 0.98125 0.5109375 0.03125 0.034375
1 0.95078125 0.47890625 0.021875 0.03828125
0 0.9546875 0.44921875 0.05859375 0.08125
0 0.96796875 0.57421875 0.0640625 0.11171875
1 0.91328125 0.246875 0.01953125 0.03515625
1 0.94453125 0.2921875 0.015625 0.034375
1 0.60546875 0.85625 0.040625 0.071875
1 0.4734375 0.83125 0.0859375 0.05703125
1 0.28828125 0.878125 0.153125 0.05390625
0 0.86171875 0.8796875 0.13671875 0.22734375