1 0.021875 0.6375 0.03515625 0.04453125
1 0.85390625 0.875 0.02890625 0.0375
0 0.5578125 0.37734375 0.875 0.4609375
1 0.12421875 0.6640625 0.03046875 0.0328125
1 0.17421875 0.67734375 0.03046875 0.03046875
1 0.07578125 0.64921875 0.03203125 0.0390625
1 0.88984375 0.88515625 0.028125 0.034375
1 0.92734375 0.89609375 0.02734375 0.03515625
0 0.4484375 0.8328125 0.584375 0.22890625
1 0.815625 0.86328125 0.02578125 0.03203125
1 0.221875 0.69140625 0.03046875 0.03046875
1 0.70078125 0.82890625 0.0265625 0.03046875
1 0.740625 0.84140625 0.02265625 0.028125
1 0.33671875 0.48125 0.04375 0.06328125
1 0.9625 0.90703125 0.0296875 0.03671875
1 0.121875 0.9890625 0.0296875 0.02109375
1 0.4984375 0.978125 0.02890625 0.03671875
1 0.4515625 0.96640625 0.0296875 0.034375
1 0.54375 0.98828125 0.02578125 0.021875
1 0.20859375 0.909375 0.03046875 0.034375
1 0.15625 0.896875 0.0296875 0.0359375
1 0.659375 0.8171875 0.025 0.0265625
1 0.259375 0.92109375 0.0296875 0.0328125
1 0.3578125 0.9453125 0.02734375 0.03046875
1 0.10234375 0.884375 0.03203125 0.0359375
1 0.0734375 0.98046875 0.03125 0.0234375
1 0.309375 0.93203125 0.02890625 0.03125
1 0.04921875 0.87109375 0.03046875 0.03828125
1 0.41171875 0.659375 0.09921875 0.18515625
1 0.26953125 0.70390625 0.0328125 0.02890625
1 0.3140625 0.71796875 0.0234375 0.02734375
1 0.36015625 0.73046875 0.0234375 0.02734375
1 0.4 0.74296875 0.0265625 0.025
1 0.44375 0.75234375 0.04140625 0.03203125
1 0.48828125 0.76640625 0.028125 0.025
1 0.53984375 0.78125 0.034375 0.03203125
1 0.57890625 0.79296875 0.0265625 0.02890625
1 0.61875 0.8015625 0.0265625 0.02890625
1 0.778125 0.846875 0.028125 0.03203125
1 0.99140625 0.91640625 0.0171875 0.0265625
1 0.4078125 0.95390625 0.025 0.02890625
1 0.59453125 0.9921875 0.03125 0.015625
0 0.88359375 0.94921875 0.2328125 0.10078125