0 0.53515625 0.45234375 0.7296875 0.7734375
0 0.96953125 0.0703125 0.0609375 0.140625
0 0.1703125 0.43828125 0.23046875 0.35234375
0 0.10078125 0.6828125 0.2015625 0.321875
1 0.13984375 0.7171875 0.03125 0.05
1 0.08046875 0.77265625 0.03515625 0.05390625
0 0.36640625 0.8515625 0.13828125 0.29609375
1 0.6140625 0.88359375 0.07578125 0.0609375
1 0.63984375 0.78046875 0.040625 0.05390625
1 0.78515625 0.69140625 0.04921875 0.0546875
1 0.91328125 0.70703125 0.09609375 0.08515625
1 0.975 0.5890625 0.05 0.05703125