1 0.84140625 0.2875 0.3171875 0.575
1 0.8390625 0.64375 0.0265625 0.03984375
1 0.771875 0.60625 0.040625 0.04375
1 0.7109375 0.59140625 0.03671875 0.03671875
1 0.6375 0.565625 0.025 0.021875
1 0.5328125 0.5296875 0.0453125 0.02734375
1 0.4078125 0.4953125 0.0515625 0.03671875
1 0.2296875 0.43984375 0.0515625 0.0375
1 0.04921875 0.390625 0.05703125 0.03671875
0 0.415625 0.5828125 0.7234375 0.28203125
0 0.91328125 0.7171875 0.0765625 0.12421875
0 0.9703125 0.72265625 0.059375 0.1125
1 0.77265625 0.84453125 0.02734375 0.0453125
1 0.7265625 0.853125 0.0359375 0.059375
0 0.971875 0.8734375 0.053125 0.03671875
1 0.6921875 0.85625 0.0234375 0.03984375
1 0.5703125 0.85625 0.02890625 0.03671875
1 0.52421875 0.865625 0.02734375 0.040625
1 0.49140625 0.89140625 0.02734375 0.02734375
1 0.25390625 0.87109375 0.05390625 0.059375
0 0.16875 0.9125 0.1171875 0.17421875
0 0.0640625 0.9171875 0.128125 0.165625