0 0.45390625 0.57109375 0.4796875 0.2078125
1 0.1953125 0.24140625 0.1953125 0.05234375
1 0.55078125 0.89140625 0.03671875 0.03046875
1 0.17265625 0.89609375 0.02890625 0.028125
1 0.2359375 0.84140625 0.0328125 0.03125
1 0.215625 0.87109375 0.040625 0.0375
1 0.33203125 0.87734375 0.03125 0.0328125
1 0.23125 0.971875 0.03359375 0.0328125
1 0.74609375 0.98046875 0.03203125 0.03046875
1 0.4015625 0.8828125 0.03671875 0.0328125
1 0.63203125 0.978125 0.034375 0.03203125
1 0.3734375 0.97578125 0.0328125 0.03203125
1 0.5578125 0.33125 0.0359375 0.02578125
1 0.13203125 0.859375 0.0296875 0.021875
1 0.1421875 0.96484375 0.03828125 0.03984375
1 0.0078125 0.96953125 0.015625 0.04453125
1 0.64609375 0.83125 0.021875 0.0171875
1 0.91171875 0.984375 0.03203125 0.02890625
1 0.83125 0.98359375 0.0328125 0.03046875
1 0.5078125 0.8140625 0.0203125 0.02109375
1 0.64609375 0.3515625 0.0171875 0.02578125
1 0.45234375 0.98984375 0.0296875 0.0203125
0 0.05078125 0.05703125 0.1015625 0.1140625
2 0.828125 0.5828125 0.06328125 0.0296875
1 0.64296875 0.896875 0.03671875 0.03125
1 0.70078125 0.89765625 0.04140625 0.03984375