0 0.521875 0.51015625 0.84453125 0.828125
0 0.55546875 0.39375 0.45234375 0.4515625
0 0.490625 0.07734375 0.19296875 0.15390625
1 0.41796875 0.05859375 0.0265625 0.04296875
1 0.38671875 0.1125 0.0328125 0.05078125
1 0.2453125 0.16796875 0.059375 0.078125
1 0.5671875 0.21171875 0.0453125 0.0640625
1 0.53359375 0.25703125 0.03984375 0.05625
1 0.69296875 0.33828125 0.034375 0.05703125
1 0.65546875 0.37890625 0.03359375 0.05078125
1 0.78984375 0.6546875 0.04609375 0.0640625
1 0.6484375 0.52109375 0.046875 0.0609375
1 0.47421875 0.36796875 0.04765625 0.071875
1 0.2515625 0.77578125 0.05859375 0.11796875
1 0.571875 0.95546875 0.059375 0.0828125
0 0.96796875 0.78515625 0.06328125 0.13984375