0 0.51171875 0.48203125 0.159375 0.2296875
1 0.48359375 0.61015625 0.0328125 0.02734375
1 0.33828125 0.64453125 0.02890625 0.02578125
1 0.19921875 0.6625 0.03125 0.028125
1 0.18203125 0.6140625 0.0265625 0.02265625
1 0.134375 0.621875 0.034375 0.02890625
1 0.09453125 0.64765625 0.03671875 0.0234375
1 0.05546875 0.67421875 0.03125 0.0234375
1 0.025 0.65390625 0.0328125 0.02578125
1 0.4296875 0.64609375 0.07265625 0.04453125
1 0.71484375 0.60234375 0.2234375 0.02734375
1 0.9296875 0.61015625 0.13984375 0.01953125
1 0.21328125 0.96953125 0.27109375 0.0609375