1 0.959375 0.48828125 0.08046875 0.05703125
1 0.68046875 0.4703125 0.07734375 0.059375
1 0.72109375 0.825 0.04375 0.0296875
1 0.01484375 0.4390625 0.0296875 0.071875
1 0.39375 0.7984375 0.0828125 0.0296875
1 0.690625 0.7203125 0.0453125 0.03203125
1 0.78671875 0.7703125 0.03984375 0.02890625
1 0.63984375 0.7875 0.0640625 0.03046875
1 0.0265625 0.85703125 0.03984375 0.02890625
1 0.09609375 0.80625 0.04375 0.01796875
1 0.4171875 0.8375 0.02578125 0.02265625
1 0.11953125 0.84765625 0.025 0.0203125
1 0.56328125 0.83203125 0.02421875 0.02265625
1 0.1796875 0.8453125 0.0234375 0.01953125
1 0.3640625 0.459375 0.08046875 0.06171875
1 0.32578125 0.83046875 0.03046875 0.02265625
1 0.2921875 0.8421875 0.0203125 0.021875
1 0.2375 0.8453125 0.02265625 0.01953125
1 0.6703125 0.85703125 0.0265625 0.01875
1 0.97734375 0.7671875 0.0375 0.0265625
1 0.609375 0.83125 0.01875 0.01953125
1 0.6703125 0.82734375 0.028125 0.02265625
1 0.89609375 0.79296875 0.03671875 0.0234375
1 0.61328125 0.91796875 0.15234375 0.06328125