0 0.60703125 0.46484375 0.7234375 0.59375
0 0.13046875 0.653125 0.259375 0.1796875
1 0.54453125 0.83984375 0.0609375 0.03671875
1 0.36171875 0.853125 0.05546875 0.02890625
1 0.18515625 0.95390625 0.16640625 0.05078125
1 0.15078125 0.83359375 0.3015625 0.065625
1 0.1734375 0.85390625 0.02734375 0.01796875
1 0.234375 0.971875 0.0421875 0.0203125
1 0.02578125 0.875 0.0515625 0.02421875
1 0.1125 0.7921875 0.025 0.021875
0 0.57265625 0.05078125 0.24140625 0.1015625
1 0.2125 0.834375 0.028125 0.02890625
1 0.21484375 0.87578125 0.03984375 0.02890625
1 0.15 0.8828125 0.01328125 0.0109375
1 0.0359375 0.934375 0.028125 0.02890625
1 0.12890625 0.96171875 0.021875 0.03125