0 0.496875 0.490625 0.6875 0.159375
1 0.37734375 0.73515625 0.0296875 0.02578125
1 0.4484375 0.87578125 0.0265625 0.025
1 0.3984375 0.90234375 0.02421875 0.02421875
1 0.4703125 0.6453125 0.03671875 0.0296875
1 0.50546875 0.84140625 0.0265625 0.0265625
1 0.84453125 0.6484375 0.03828125 0.0328125
1 0.9765625 0.71875 0.03828125 0.0296875
1 0.60625 0.7828125 0.03203125 0.02734375
1 0.7078125 0.72578125 0.034375 0.02578125
1 0.83359375 0.78125 0.034375 0.0234375
1 0.31015625 0.79921875 0.03203125 0.025
1 0.47890625 0.9328125 0.0203125 0.0203125
1 0.934375 0.80859375 0.03125 0.02265625
1 0.01875 0.9671875 0.0375 0.05234375
0 0.42734375 0.94140625 0.053125 0.0859375
0 0.19921875 0.9296875 0.3359375 0.13984375