0 0.459375 0.41171875 0.8234375 0.24375
1 0.03515625 0.2515625 0.06796875 0.05546875
1 0.85859375 0.1 0.13984375 0.0921875
1 0.278125 0.68515625 0.02578125 0.03359375
1 0.41796875 0.54765625 0.0234375 0.0265625
1 0.27265625 0.5671875 0.02421875 0.025
1 0.38046875 0.6421875 0.05 0.0390625
1 0.96484375 0.20234375 0.03046875 0.0328125
1 0.6015625 0.19921875 0.0953125 0.065625
1 0.4859375 0.5375 0.03046875 0.03203125
1 0.04765625 0.18828125 0.09453125 0.0671875
1 0.128125 0.71015625 0.0828125 0.04453125
1 0.9 0.15390625 0.0453125 0.02890625
1 0.9625 0.4640625 0.03125 0.0328125
0 0.20546875 0.0671875 0.409375 0.134375
1 0.834375 0.484375 0.028125 0.02890625
1 0.1390625 0.59453125 0.025 0.02734375
1 0.596875 0.521875 0.02578125 0.028125
1 0.6703125 0.51015625 0.02890625 0.0296875
1 0.23828125 0.57109375 0.025 0.0234375
1 0.559375 0.528125 0.0234375 0.02578125
1 0.9171875 0.4703125 0.028125 0.028125
1 0.38046875 0.55390625 0.0234375 0.02734375
1 0.98046875 0.58046875 0.03359375 0.02890625
1 0.89921875 0.62578125 0.02890625 0.03125
1 0.7796875 0.63203125 0.0328125 0.03359375
1 0.08046875 0.390625 0.02578125 0.03203125
1 0.20546875 0.69609375 0.028125 0.0421875
1 0.79296875 0.4921875 0.02890625 0.02421875
1 0.36875 0.3296875 0.0203125 0.0265625
1 0.16796875 0.5875 0.01953125 0.02578125
1 0.303125 0.678125 0.03046875 0.04375
1 0.30390625 0.56328125 0.0265625 0.03125
1 0.784375 0.59921875 0.065625 0.04375
1 0.634375 0.51640625 0.021875 0.02421875
1 0.58671875 0.28359375 0.02578125 0.02734375
1 0.66328125 0.2671875 0.028125 0.02265625
1 0.13359375 0.73515625 0.02578125 0.03359375
1 0.546875 0.2921875 0.025 0.02578125
1 0.30078125 0.34453125 0.028125 0.02890625
1 0.1921875 0.5828125 0.01640625 0.0234375
1 0.20390625 0.36484375 0.021875 0.028125
1 0.015625 0.40625 0.02890625 0.03359375
1 0.815625 0.803125 0.025 0.021875
1 0.109375 0.38359375 0.021875 0.0296875
1 0.62421875 0.27578125 0.025 0.02890625
1 0.83125 0.23125 0.02578125 0.02421875
1 0.4375 0.315625 0.0234375 0.02890625
1 0.40078125 0.32265625 0.02421875 0.0296875
1 0.6734375 0.2484375 0.03046875 0.01953125
1 0.91484375 0.2140625 0.028125 0.02578125
1 0.8796875 0.22109375 0.0296875 0.02578125
1 0.7828125 0.2390625 0.03828125 0.0359375
1 0.746875 0.25 0.021875 0.02578125
1 0.70234375 0.25859375 0.0328125 0.02578125
1 0.5078125 0.30078125 0.03984375 0.02890625
1 0.47734375 0.3078125 0.028125 0.02734375
1 0.3328125 0.3359375 0.028125 0.03203125
1 0.27109375 0.35 0.0328125 0.02734375
1 0.23828125 0.359375 0.03671875 0.02265625
1 0.17109375 0.36796875 0.028125 0.025
1 0.140625 0.38125 0.0234375 0.02578125
1 0.046875 0.39609375 0.025 0.02578125
1 0.9625 0.3859375 0.0265625 0.03125
1 0.921875 0.39453125 0.028125 0.02734375
1 0.8671875 0.40234375 0.03828125 0.03125
1 0.81953125 0.40703125 0.034375 0.034375
1 0.78125 0.4140625 0.028125 0.025
1 0.73828125 0.4234375 0.028125 0.0234375
1 0.69453125 0.4296875 0.0328125 0.0234375
1 0.64765625 0.4375 0.03125 0.02890625
1 0.6078125 0.44609375 0.025 0.025
1 0.565625 0.45390625 0.0265625 0.025
1 0.53359375 0.4609375 0.028125 0.02265625
1 0.4953125 0.465625 0.028125 0.0234375
1 0.45390625 0.47109375 0.028125 0.025
1 0.41640625 0.47890625 0.0265625 0.02109375
1 0.38359375 0.48515625 0.0265625 0.0296875
1 0.3453125 0.496875 0.03671875 0.02578125
1 0.3078125 0.50078125 0.0328125 0.02734375
1 0.27265625 0.50703125 0.0328125 0.02734375
1 0.24140625 0.509375 0.01953125 0.0296875
1 0.21015625 0.51875 0.03671875 0.0234375
1 0.17578125 0.52109375 0.025 0.02109375
1 0.14453125 0.53046875 0.028125 0.03125
1 0.1140625 0.53359375 0.0328125 0.02578125
1 0.08125 0.5375 0.0265625 0.02578125
1 0.04765625 0.54609375 0.0265625 0.02578125
1 0.01484375 0.5515625 0.0296875 0.02734375
1 0.2453125 0.64453125 0.10390625 0.0296875
1 0.19765625 0.72265625 0.03828125 0.02578125
1 0.47734375 0.63359375 0.0578125 0.034375
1 0.56953125 0.621875 0.0875 0.040625
1 0.65390625 0.7203125 0.04453125 0.25546875
1 0.7015625 0.63125 0.034375 0.03828125
1 0.8109375 0.73203125 0.06796875 0.02890625
1 0.3890625 0.7796875 0.03125 0.025