0 0.23515625 0.23828125 0.4703125 0.45625
0 0.64296875 0.4609375 0.35078125 0.346875
0 0.90859375 0.478125 0.1828125 0.23515625
0 0.90234375 0.115625 0.1921875 0.23125
0 0.5984375 0.17890625 0.3859375 0.35703125
0 0.934375 0.671875 0.13046875 0.1703125
0 0.65078125 0.7 0.3890625 0.21640625
0 0.13046875 0.9140625 0.26015625 0.171875
1 0.01328125 0.44296875 0.0265625 0.0609375
1 0.9796875 0.87421875 0.02265625 0.03828125
1 0.9109375 0.8578125 0.02578125 0.04921875
1 0.87265625 0.84140625 0.01953125 0.04609375
1 0.8125 0.82890625 0.03203125 0.04765625
1 0.39609375 0.94921875 0.04609375 0.059375