0 0.4859375 0.54375 0.28828125 0.5796875
0 0.3015625 0.49375 0.146875 0.17734375
0 0.26796875 0.803125 0.103125 0.19609375
1 0.32109375 0.58203125 0.03828125 0.04375
1 0.9359375 0.82890625 0.08203125 0.0875
1 0.6296875 0.66796875 0.06328125 0.0484375
1 0.27421875 0.6546875 0.0484375 0.03515625
1 0.096875 0.86328125 0.096875 0.0859375
1 0.1828125 0.23359375 0.1015625 0.24765625
2 0.0234375 0.5046875 0.046875 0.0390625
1 0.54921875 0.13671875 0.078125 0.05625
1 0.63671875 0.02265625 0.0765625 0.0453125
0 0.615625 0.76953125 0.171875 0.1484375
0 0.759375 0.95390625 0.165625 0.0921875
0 0.1125 0.9828125 0.071875 0.03359375