0 0.70390625 0.171875 0.16875 0.3390625
0 0.53515625 0.60625 0.809375 0.2796875
1 0.5140625 0.396875 0.08203125 0.05078125
1 0.25078125 0.471875 0.090625 0.04765625
1 0.1109375 0.21328125 0.06484375 0.0640625
1 0.83984375 0.31484375 0.084375 0.0484375
1 0.02578125 0.528125 0.0515625 0.040625
1 0.8734375 0.8046875 0.03359375 0.0265625
1 0.93671875 0.7984375 0.03828125 0.028125
1 0.40703125 0.85625 0.03671875 0.02734375
1 0.36015625 0.859375 0.03203125 0.02421875
1 0.59609375 0.834375 0.0375 0.025
1 0.646875 0.83046875 0.03203125 0.02421875