0 0.1234375 0.4390625 0.10546875 0.33359375
1 0.4796875 0.74609375 0.053125 0.03984375
0 0.42265625 0.540625 0.325 0.190625
0 0.615625 0.6453125 0.12578125 0.0578125
1 0.3109375 0.39609375 0.0375 0.0296875
1 0.53203125 0.3671875 0.03671875 0.03125
1 0.6515625 0.3515625 0.03515625 0.0296875
1 0.2109375 0.40625 0.0375 0.02890625
1 0.41796875 0.3828125 0.03671875 0.02734375
2 0.95390625 0.1953125 0.05 0.0546875
0 0.84921875 0.1625 0.07421875 0.24375
0 0.04140625 0.72421875 0.0625 0.13046875
0 0.8375 0.0328125 0.07109375 0.065625
0 0.715625 0.79140625 0.04296875 0.23046875
0 0.0359375 0.94453125 0.0328125 0.084375
0 0.9859375 0.44921875 0.02734375 0.1625
0 0.9875 0.94453125 0.02421875 0.1109375
1 0.1234375 0.69296875 0.03359375 0.0390625
0 0.08203125 0.62421875 0.0859375 0.09453125
0 0.09609375 0.1421875 0.0859375 0.284375
0 0.671875 0.8484375 0.053125 0.303125