0 0.91953125 0.08828125 0.1234375 0.1765625
0 0.921875 0.40703125 0.1078125 0.1859375
0 0.36171875 0.23125 0.7234375 0.103125
0 0.446875 0.53359375 0.64296875 0.0890625
2 0.13125 0.19375 0.07734375 0.03125
1 0.90546875 0.32890625 0.03125 0.025
1 0.9640625 0.33984375 0.0328125 0.01953125
1 0.97578125 0.35625 0.03671875 0.02109375
1 0.98828125 0.46640625 0.02265625 0.034375
1 0.97421875 0.515625 0.05078125 0.040625
0 0.93359375 0.515625 0.03125 0.09765625
2 0.921875 0.590625 0.034375 0.02890625
1 0.7078125 0.60703125 0.07578125 0.03359375
1 0.515625 0.61875 0.03671875 0.025
1 0.0296875 0.63984375 0.059375 0.02265625