1 0.13359375 0.3296875 0.06171875 0.1
1 0.70703125 0.375 0.059375 0.07265625
1 0.97265625 0.39453125 0.04765625 0.059375
1 0.4265625 0.3453125 0.05390625 0.1078125
1 0.2265625 0.86484375 0.02890625 0.03671875
0 0.32421875 0.28359375 0.16328125 0.1078125
1 0.60703125 0.82421875 0.034375 0.0296875
1 0.8421875 0.80625 0.03671875 0.028125
1 0.43359375 0.88046875 0.0234375 0.04140625
1 0.075 0.96640625 0.03515625 0.0328125
1 0.50234375 0.828125 0.034375 0.01796875
1 0.71328125 0.81328125 0.03203125 0.02578125
0 0.5015625 0.49375 0.9828125 0.27109375
1 0.353125 0.83359375 0.021875 0.0265625
1 0.28125 0.840625 0.02265625 0.021875
1 0.35078125 0.88203125 0.01953125 0.0234375
1 0.765625 0.8109375 0.02734375 0.03359375
1 0.5515625 0.8046875 0.02578125 0.028125
1 0.36953125 0.78359375 0.028125 0.0296875
1 0.271875 0.79296875 0.021875 0.01875
1 0.22578125 0.78359375 0.01953125 0.02578125
1 0.17578125 0.846875 0.025 0.03203125