0 0.37421875 0.4625 0.384375 0.26328125
0 0.8421875 0.71328125 0.15859375 0.1484375
0 0.61953125 0.1078125 0.23203125 0.215625
0 0.85390625 0.890625 0.08203125 0.21875
0 0.97109375 0.953125 0.03359375 0.06875
1 0.2390625 0.646875 0.02109375 0.025
1 0.409375 0.671875 0.02421875 0.028125
0 0.98203125 0.76484375 0.0359375 0.16484375
1 0.7265625 0.83203125 0.02734375 0.053125
1 0.59140625 0.825 0.02421875 0.06796875
1 0.04921875 0.646875 0.0265625 0.0234375
1 0.14453125 0.62578125 0.01640625 0.00546875
1 0.1484375 0.64140625 0.0203125 0.0125
1 0.203125 0.69921875 0.02265625 0.0078125
1 0.30390625 0.68515625 0.0234375 0.02109375