0 0.38359375 0.328125 0.7671875 0.12109375
1 0.021875 0.4765625 0.04375 0.0453125
1 0.83984375 0.2046875 0.0734375 0.071875
1 0.384375 0.13984375 0.76484375 0.15234375
1 0.88203125 0.51015625 0.046875 0.0515625
1 0.740625 0.50859375 0.046875 0.04921875
1 0.59609375 0.50078125 0.0578125 0.06171875
1 0.4515625 0.496875 0.0390625 0.0484375
1 0.30703125 0.48828125 0.03671875 0.04609375
1 0.165625 0.48203125 0.03828125 0.0453125
2 0.0578125 0.6625 0.05390625 0.090625
2 0.14140625 0.6703125 0.06796875 0.096875
2 0.6484375 0.69140625 0.05078125 0.078125
2 0.73671875 0.69140625 0.04921875 0.0703125
1 0.76953125 0.62734375 0.02578125 0.021875
1 0.77109375 0.6953125 0.0484375 0.08515625
1 0.70234375 0.74765625 0.03125 0.08828125
1 0.646875 0.7859375 0.0234375 0.07734375
1 0.57734375 0.68125 0.1421875 0.06796875
1 0.4625 0.6671875 0.04765625 0.0609375
1 0.334375 0.75078125 0.0375 0.04609375