0 0.4078125 0.41796875 0.521875 0.35625
0 0.934375 0.80546875 0.13046875 0.12734375
1 0.53671875 0.675 0.91640625 0.13359375
1 0.071875 0.24765625 0.075 0.03984375
1 0.84921875 0.12109375 0.08984375 0.046875
1 0.56484375 0.171875 0.0859375 0.0515625
1 0.20546875 0.6328125 0.084375 0.0234375
1 0.96796875 0.58046875 0.0578125 0.0265625
1 0.01328125 0.646875 0.0265625 0.03046875
1 0.69375 0.60078125 0.07578125 0.02578125
1 0.31640625 0.20859375 0.078125 0.03203125
1 0.4203125 0.61328125 0.0875 0.03671875
0 0.2859375 0.83203125 0.24765625 0.10546875