1 0.83046875 0.1640625 0.0453125 0.03984375
1 0.75546875 0.11484375 0.04765625 0.02734375
1 0.64296875 0.05 0.06171875 0.03828125
0 0.46171875 0.23671875 0.775 0.47265625
0 0.896875 0.39609375 0.20625 0.4125
0 0.93046875 0.77890625 0.13828125 0.42265625
1 0.6640625 0.59140625 0.21328125 0.11328125
1 0.5984375 0.6828125 0.053125 0.09375
0 0.41484375 0.4796875 0.0859375 0.128125
1 0.2765625 0.58671875 0.03125 0.03671875
1 0.38671875 0.58828125 0.03984375 0.0453125
1 0.47890625 0.590625 0.03671875 0.0375
1 0.23828125 0.703125 0.17890625 0.10546875
1 0.2953125 0.8375 0.2390625 0.109375
0 0.1875 0.790625 0.07734375 0.115625