0 0.12578125 0.65078125 0.11171875 0.2984375
0 0.12265625 0.2828125 0.12734375 0.45078125
0 0.58515625 0.46796875 0.61640625 0.60703125
1 0.0546875 0.73984375 0.03984375 0.03671875
0 0.1328125 0.87734375 0.26328125 0.24375
1 0.021875 0.75546875 0.03671875 0.0390625
1 0.9546875 0.74296875 0.03671875 0.01953125
1 0.16015625 0.775 0.05078125 0.0375
1 0.60546875 0.8015625 0.02578125 0.0171875
1 0.109375 0.7875 0.04296875 0.02265625
1 0.82109375 0.8 0.35234375 0.04921875
1 0.8046875 0.765625 0.04140625 0.02578125
1 0.86015625 0.68359375 0.053125 0.0234375
1 0.6703125 0.7265625 0.0578125 0.0375
1 0.540625 0.75625 0.03671875 0.02734375
1 0.43828125 0.78125 0.03984375 0.025