0 0.27265625 0.0421875 0.1078125 0.08359375
0 0.0953125 0.19765625 0.190625 0.3640625
0 0.5953125 0.4953125 0.19765625 0.98984375
0 0.83203125 0.03671875 0.03671875 0.07265625
0 0.95 0.05234375 0.02265625 0.1046875
0 0.9265625 0.3 0.05703125 0.24453125
0 0.92578125 0.52109375 0.05703125 0.18984375
0 0.9640625 0.571875 0.0328125 0.02734375
0 0.92890625 0.70703125 0.05234375 0.18203125
0 0.928125 0.86875 0.06875 0.08359375
0 0.93984375 0.9140625 0.08359375 0.04765625
1 0.8109375 0.68828125 0.0734375 0.040625
1 0.97421875 0.73671875 0.03203125 0.0515625
0 0.37265625 0.75546875 0.04296875 0.06484375