1 0.840625 0.36875 0.04296875 0.0375
1 0.69453125 0.3796875 0.05390625 0.04296875
1 0.56484375 0.38828125 0.0375 0.0453125
1 0.4375 0.396875 0.0453125 0.0390625
1 0.20625 0.41796875 0.03046875 0.03359375
1 0.8609375 0.33203125 0.27734375 0.62109375
0 0.16171875 0.115625 0.17578125 0.23125
1 0.0921875 0.41953125 0.17734375 0.19921875
0 0.0609375 0.59375 0.121875 0.14765625
1 0.08984375 0.71328125 0.053125 0.03359375
1 0.01171875 0.74921875 0.0234375 0.03984375
1 0.37109375 0.696875 0.02265625 0.021875
1 0.34921875 0.75 0.05 0.078125
1 0.41015625 0.76171875 0.06640625 0.0546875
1 0.46875 0.72109375 0.05390625 0.0625
1 0.46484375 0.77578125 0.05859375 0.028125
1 0.540625 0.7 0.02265625 0.015625
1 0.55390625 0.7375 0.01484375 0.015625
1 0.53515625 0.75234375 0.0140625 0.021875
1 0.51328125 0.759375 0.0125 0.01640625
1 0.5921875 0.7 0.01640625 0.02421875
1 0.58359375 0.73828125 0.01953125 0.01875
1 0.6390625 0.740625 0.015625 0.0234375
1 0.65546875 0.7 0.0171875 0.021875
1 0.71640625 0.703125 0.0234375 0.028125
1 0.778125 0.7015625 0.02578125 0.028125
1 0.2640625 0.8109375 0.0140625 0.02421875
1 0.40390625 0.8265625 0.01328125 0.01796875
0 0.38125 0.278125 0.1671875 0.10546875