0 0.44609375 0.515625 0.44921875 0.13984375
1 0.16796875 0.39140625 0.06328125 0.02890625
1 0.64453125 0.3515625 0.06796875 0.02890625
1 0.54296875 0.771875 0.04765625 0.03671875
1 0.41171875 0.69453125 0.0765625 0.01953125
1 0.26015625 0.61328125 0.02734375 0.01953125
1 0.20390625 0.6625 0.021875 0.01875
1 0.246875 0.66953125 0.028125 0.01875
1 0.34296875 0.6828125 0.03984375 0.0234375
1 0.3 0.6734375 0.03671875 0.02265625
1 0.45234375 0.7609375 0.0515625 0.0359375
1 0.371875 0.7546875 0.05703125 0.0390625
1 0.278125 0.74453125 0.05703125 0.0359375