1 0.11015625 0.2578125 0.09140625 0.06328125
1 0.2046875 0.42109375 0.0734375 0.04609375
1 0.39453125 0.4546875 0.0640625 0.04765625
1 0.5484375 0.47734375 0.05703125 0.04140625
0 0.29140625 0.2859375 0.15703125 0.12109375
1 0.66953125 0.49453125 0.06796875 0.0390625
1 0.77890625 0.5171875 0.05859375 0.02734375
0 0.484375 0.5359375 0.63828125 0.17265625
0 0.8859375 0.23046875 0.11171875 0.09140625
1 0.8546875 0.1515625 0.21015625 0.12265625
1 0.65703125 0.178125 0.21015625 0.15625
1 0.8796875 0.46640625 0.23984375 0.03984375
1 0.9734375 0.6640625 0.053125 0.03359375