0 0.50078125 0.52265625 0.9953125 0.671875
1 0.43203125 0.90546875 0.07421875 0.0828125
1 0.228125 0.8625 0.06171875 0.06796875
1 0.68671875 0.83125 0.07578125 0.1234375
1 0.58671875 0.9046875 0.05703125 0.06015625
1 0.97265625 0.88046875 0.0546875 0.10390625
1 0.0453125 0.90234375 0.053125 0.05
1 0.03515625 0.959375 0.0703125 0.08125
1 0.0828125 0.9328125 0.0484375 0.04140625
1 0.1390625 0.91328125 0.04140625 0.0359375
1 0.196875 0.9640625 0.053125 0.04375
1 0.359375 0.9703125 0.0515625 0.05390625
1 0.2453125 0.9390625 0.046875 0.0484375
1 0.30859375 0.97890625 0.05 0.0421875
1 0.4875 0.98359375 0.03828125 0.0328125
1 0.546875 0.92421875 0.0734375 0.06875
1 0.659375 0.9671875 0.04140625 0.05234375
1 0.84140625 0.91796875 0.053125 0.0609375
1 0.8296875 0.8390625 0.06640625 0.04765625
1 0.83984375 0.9609375 0.06015625 0.0640625
1 0.93828125 0.97890625 0.0609375 0.0421875
1 0.97578125 0.9578125 0.0484375 0.05