0 0.525 0.5671875 0.9421875 0.20625
0 0.5125 0.9671875 0.3375 0.065625
1 0.5109375 0.81640625 0.040625 0.02421875
1 0.33203125 0.83828125 0.03203125 0.0234375
1 0.4578125 0.2203125 0.03203125 0.02734375
0 0.0546875 0.96796875 0.1078125 0.04921875
1 0.815625 0.8515625 0.03203125 0.025
1 0.3265625 0.19453125 0.0375 0.0296875
1 0.7671875 0.82578125 0.0359375 0.02109375
1 0.9875 0.8328125 0.0234375 0.02578125
1 0.446875 0.27890625 0.0234375 0.0171875
1 0.0171875 0.1296875 0.03046875 0.021875
1 0.5671875 0.25390625 0.0296875 0.0234375
1 0.67421875 0.27578125 0.04296875 0.02109375
0 0.784375 0.29609375 0.2296875 0.09921875
0 0.6046875 0.15390625 0.090625 0.265625
1 0.33984375 0.2546875 0.03125 0.02109375
1 0.21953125 0.23359375 0.0328125 0.03125
1 0.08984375 0.20234375 0.03828125 0.01484375
1 0.590625 0.84453125 0.04609375 0.01484375