1 0.96875 0.340625 0.0625 0.0375
1 0.82734375 0.365625 0.06484375 0.03671875
1 0.69765625 0.3921875 0.06796875 0.0421875
1 0.571875 0.40703125 0.0609375 0.034375
1 0.46171875 0.42265625 0.06328125 0.0296875
1 0.34609375 0.4390625 0.0625 0.03828125
1 0.24765625 0.45078125 0.053125 0.0265625
1 0.15390625 0.4640625 0.05625 0.04375
0 0.0703125 0.278125 0.140625 0.55625
0 0.05234375 0.68515625 0.10390625 0.1796875
0 0.5390625 0.54375 0.74296875 0.22265625
1 0.64140625 0.7984375 0.1015625 0.20078125
1 0.97421875 0.7390625 0.0515625 0.03671875