0 0.66328125 0.4234375 0.3171875 0.2265625
0 0.2796875 0.5796875 0.1296875 0.41328125
0 0.1078125 0.7 0.07734375 0.18046875
0 0.340625 0.8890625 0.0640625 0.203125
1 0.64765625 0.7296875 0.03984375 0.02734375
0 0.6109375 0.81640625 0.234375 0.11171875
1 0.57421875 0.740625 0.04296875 0.02578125
1 0.73359375 0.71640625 0.04453125 0.0296875
1 0.85 0.490625 0.040625 0.0421875
1 0.47890625 0.5875 0.0390625 0.04140625
1 0.50546875 0.75625 0.040625 0.0265625
1 0.4375 0.765625 0.0390625 0.02421875
1 0.36171875 0.48125 0.04921875 0.03203125
1 0.37890625 0.778125 0.0359375 0.0265625
1 0.98671875 0.7421875 0.02578125 0.03359375
0 0.02734375 0.95859375 0.0546875 0.08046875
1 0.61796875 0.9125 0.04140625 0.025
0 0.66640625 0.6203125 0.07890625 0.165625
1 0.6828125 0.90859375 0.0328125 0.0203125