0 0.04140625 0.5421875 0.08203125 0.06875
0 0.546875 0.4625 0.8140625 0.1171875
1 0.38671875 0.534375 0.0546875 0.02421875
0 0.3140625 0.2625 0.62734375 0.14140625
1 0.1578125 0.53046875 0.0515625 0.0234375
1 0.4828125 0.528125 0.04765625 0.03671875
0 0.79765625 0.2875 0.35703125 0.1484375
1 0.440625 0.5546875 0.03828125 0.0203125
1 0.61796875 0.534375 0.0734375 0.03359375
1 0.3265625 0.540625 0.05 0.0515625
1 0.78984375 0.540625 0.05 0.03125
1 0.82265625 0.54765625 0.11171875 0.0421875
1 0.734375 0.5421875 0.13828125 0.06015625
1 0.59609375 0.5421875 0.11484375 0.0703125