1 0.53359375 0.18203125 0.0375 0.05390625
1 0.6640625 0.03125 0.04765625 0.05859375
1 0.3171875 0.44296875 0.0296875 0.0359375
1 0.440625 0.29921875 0.0328125 0.04140625
0 0.02578125 0.66171875 0.05 0.18984375
1 0.0765625 0.11796875 0.06171875 0.090625
1 0.371875 0.3875 0.0234375 0.03046875
1 0.21484375 0.4609375 0.04375 0.04765625
1 0.03671875 0.2984375 0.05703125 0.08515625
0 0.39296875 0.8921875 0.0546875 0.215625
0 0.0859375 0.97109375 0.08828125 0.05625
1 0.61953125 0.94140625 0.0234375 0.03046875
1 0.821875 0.98515625 0.0296875 0.028125