1 0.9296875 0.10703125 0.040625 0.03359375
1 0.0578125 0.18125 0.11328125 0.1328125
1 0.79375 0.178125 0.0375 0.03046875
1 0.73203125 0.21171875 0.03515625 0.03046875
1 0.859375 0.14296875 0.04140625 0.0328125
1 0.67265625 0.23984375 0.0359375 0.028125
1 0.4265625 0.3671875 0.03203125 0.02734375
0 0.4984375 0.471875 0.98828125 0.5984375
1 0.61875 0.26875 0.0359375 0.03046875
1 0.38359375 0.390625 0.0328125 0.0234375
1 0.6734375 0.58984375 0.03046875 0.02578125
1 0.52421875 0.640625 0.02890625 0.025
1 0.4703125 0.34375 0.0328125 0.02734375
1 0.62109375 0.60703125 0.02578125 0.025
1 0.91328125 0.50859375 0.03359375 0.02734375
1 0.84765625 0.53046875 0.0296875 0.02578125
1 0.19296875 0.74921875 0.02421875 0.0265625
1 0.64921875 0.73359375 0.02265625 0.0171875
1 0.51484375 0.32109375 0.03125 0.028125
1 0.728125 0.5703125 0.0296875 0.028125
1 0.95 0.6515625 0.0265625 0.021875
1 0.9921875 0.06875 0.0140625 0.03125
1 0.3046875 0.42890625 0.02890625 0.0234375
1 0.57109375 0.62421875 0.02734375 0.0265625
1 0.2375 0.46640625 0.02734375 0.021875
1 0.7609375 0.703125 0.0265625 0.01875
1 0.54765625 0.7625 0.02890625 0.0296875
1 0.565625 0.2953125 0.034375 0.02734375
1 0.28828125 0.7171875 0.02578125 0.02578125
1 0.34296875 0.409375 0.02890625 0.02421875
1 0.01484375 0.62890625 0.02890625 0.02734375
1 0.98203125 0.484375 0.0296875 0.02890625
1 0.17421875 0.5 0.02734375 0.02109375
1 0.14296875 0.51484375 0.0203125 0.01953125
1 0.32421875 0.70703125 0.025 0.02578125
1 0.13671875 0.7703125 0.021875 0.025
1 0.36015625 0.69453125 0.0265625 0.02578125
1 0.43671875 0.66953125 0.03203125 0.02421875
1 0.253125 0.728125 0.02109375 0.02578125
1 0.20390625 0.48203125 0.02578125 0.021875
1 0.01328125 0.584375 0.0265625 0.0296875
1 0.22265625 0.740625 0.0234375 0.025
1 0.26875 0.44765625 0.028125 0.0234375
1 0.45390625 0.6828125 0.0203125 0.021875
1 0.12890625 0.78828125 0.02109375 0.02265625
1 0.159375 0.7609375 0.01640625 0.0265625
1 0.690625 0.72890625 0.021875 0.02109375
1 0.88671875 0.671875 0.02578125 0.02734375
1 0.153125 0.796875 0.0203125 0.0234375
1 0.1078125 0.77890625 0.0234375 0.02578125
1 0.24296875 0.8390625 0.01640625 0.01875
1 0.1796875 0.86015625 0.02578125 0.03125
1 0.8140625 0.68984375 0.02265625 0.015625
1 0.85234375 0.74140625 0.01328125 0.015625
1 0.9171875 0.67890625 0.0171875 0.01796875
1 0.77890625 0.5515625 0.0171875 0.02265625
1 0.11484375 0.53046875 0.021875 0.0203125
1 0.53828125 0.80625 0.0171875 0.03203125
1 0.03671875 0.571875 0.02578125 0.02578125
1 0.63984375 0.81796875 0.01953125 0.0234375
1 0.06171875 0.55859375 0.025 0.02265625
1 0.01328125 0.890625 0.0265625 0.03125
1 0.0875 0.54609375 0.02421875 0.021875
1 0.9296875 0.21015625 0.03359375 0.03515625
1 0.7515625 0.2984375 0.03984375 0.03515625
1 0.69296875 0.31796875 0.03671875 0.0359375
1 0.6375 0.3484375 0.021875 0.02109375
1 0.60390625 0.365625 0.03828125 0.0359375
1 0.56015625 0.38046875 0.03671875 0.03125
1 0.50390625 0.409375 0.04140625 0.0265625
1 0.465625 0.42578125 0.01796875 0.02109375
1 0.34921875 0.4828125 0.025 0.02734375
1 0.31328125 0.5015625 0.0234375 0.02734375
1 0.19140625 0.5546875 0.0234375 0.0328125
1 0.16953125 0.5765625 0.028125 0.0265625
1 0.10546875 0.5984375 0.01796875 0.02734375
1 0.725 0.7390625 0.0296875 0.02265625
1 0.2921875 0.85234375 0.04140625 0.0578125
0 0.7640625 0.91015625 0.46171875 0.1796875