0 0.67421875 0.34453125 0.18203125 0.14375
0 0.8109375 0.38828125 0.109375 0.084375
0 0.8078125 0.50234375 0.075 0.084375
0 0.66875 0.5234375 0.08203125 0.05625
0 0.521875 0.06015625 0.125 0.1203125
0 0.43203125 0.34921875 0.3828125 0.421875
1 0.2546875 0.5140625 0.0609375 0.040625
1 0.41171875 0.5421875 0.06796875 0.04765625
1 0.4796875 0.53203125 0.06328125 0.03828125
1 0.5578125 0.54921875 0.0421875 0.03671875
1 0.52265625 0.225 0.046875 0.04375
1 0.36640625 0.08203125 0.0703125 0.059375
0 0.8578125 0.5890625 0.03984375 0.08203125