0 0.403125 0.44453125 0.66875 0.209375
0 0.85859375 0.375 0.24453125 0.12109375
0 0.0515625 0.2234375 0.103125 0.25234375
0 0.309375 0.66640625 0.08515625 0.25234375
1 0.16796875 0.69609375 0.03125 0.03203125
1 0.2328125 0.66328125 0.034375 0.04375
1 0.43984375 0.6421875 0.0203125 0.02734375
1 0.54921875 0.63515625 0.03359375 0.0375
1 0.6625 0.621875 0.0375 0.04375
1 0.78515625 0.61328125 0.02734375 0.03203125
1 0.91171875 0.60546875 0.03046875 0.03984375
1 0.87265625 0.78671875 0.05546875 0.08515625
1 0.91875 0.76171875 0.05703125 0.02890625
1 0.709375 0.7796875 0.0484375 0.0328125
1 0.79140625 0.76640625 0.02734375 0.0296875
1 0.80234375 0.82578125 0.02421875 0.03515625
1 0.61875 0.78046875 0.025 0.0265625
1 0.4984375 0.79375 0.07109375 0.03984375
1 0.51484375 0.784375 0.04765625 0.03828125
1 0.40859375 0.7765625 0.02890625 0.040625
1 0.43984375 0.83984375 0.0296875 0.03125
1 0.3328125 0.79453125 0.0375 0.0328125
1 0.015625 0.40625 0.02890625 0.03828125