1 0.80234375 0.3421875 0.05546875 0.053125
1 0.64296875 0.31484375 0.053125 0.0609375
1 0.47421875 0.284375 0.07109375 0.06875
1 0.2484375 0.24375 0.065625 0.06328125
1 0.31328125 0.121875 0.07265625 0.06328125
1 0.20078125 0.0890625 0.065625 0.178125
1 0.58984375 0.16640625 0.1875 0.21328125
1 0.16484375 0.55078125 0.04140625 0.071875
1 0.13984375 0.59140625 0.03359375 0.0578125
1 0.26328125 0.55625 0.040625 0.04765625
1 0.2390625 0.58984375 0.01953125 0.046875
1 0.33359375 0.59453125 0.021875 0.03359375
1 0.37109375 0.5609375 0.028125 0.05
1 0.4609375 0.5625 0.0171875 0.046875
1 0.55234375 0.57421875 0.02421875 0.05234375
1 0.6296875 0.57890625 0.0296875 0.0578125
1 0.7078125 0.5796875 0.021875 0.0546875
1 0.6484375 0.6125 0.01640625 0.0296875
1 0.7109375 0.6125 0.02421875 0.03359375
1 0.778125 0.5921875 0.02109375 0.0375
1 0.78046875 0.61875 0.0140625 0.03125
1 0.84453125 0.60078125 0.02109375 0.05
1 0.484375 0.66328125 0.01796875 0.0265625
1 0.41953125 0.653125 0.0171875 0.03359375
1 0.3015625 0.665625 0.0234375 0.0359375
1 0.41953125 0.753125 0.0375 0.0421875
1 0.44609375 0.74140625 0.03046875 0.034375
1 0.4875 0.734375 0.0265625 0.03125
1 0.33671875 0.78671875 0.02734375 0.03984375
0 0.196875 0.834375 0.15078125 0.02421875
0 0.5265625 0.44140625 0.84609375 0.2640625