0 0.52109375 0.7109375 0.9328125 0.578125
1 0.09765625 0.91953125 0.1078125 0.02734375
1 0.86796875 0.20390625 0.11953125 0.03515625
1 0.58671875 0.2203125 0.1078125 0.03203125
1 0.9890625 0.13046875 0.021875 0.0640625
1 0.48984375 0.2328125 0.07578125 0.03671875
1 0.390625 0.2296875 0.13046875 0.04765625
1 0.265625 0.23125 0.10859375 0.04921875
1 0.3828125 0.04921875 0.0296875 0.0359375
1 0.35390625 0.1015625 0.02734375 0.0546875
1 0.33359375 0.1546875 0.02734375 0.04140625
1 0.303125 0.203125 0.02578125 0.04453125
1 0.16171875 0.24140625 0.096875 0.0453125
1 0.0421875 0.2578125 0.084375 0.053125
0 0.52890625 0.35625 0.8375 0.134375
1 0.81875 0.90703125 0.0828125 0.05
1 0.7609375 0.91328125 0.015625 0.02890625
1 0.72578125 0.9765625 0.12890625 0.04453125
1 0.56796875 0.9140625 0.1234375 0.0234375
1 0.46484375 0.975 0.121875 0.05
1 0.33828125 0.909375 0.1921875 0.04296875