1 0.2875 0.2109375 0.025 0.03046875
0 0.65859375 0.09609375 0.6734375 0.18984375
1 0.49609375 0.178125 0.02109375 0.03046875
1 0.4234375 0.18828125 0.02265625 0.03125
1 0.57265625 0.16171875 0.02265625 0.0328125
1 0.10859375 0.2421875 0.015625 0.0203125
1 0.73125 0.134375 0.02421875 0.0328125
1 0.35390625 0.2 0.0234375 0.03125
1 0.3453125 0.5890625 0.67421875 0.05703125
0 0.51484375 0.44609375 0.78203125 0.1796875
1 0.65390625 0.1484375 0.034375 0.02734375
1 0.821875 0.121875 0.03671875 0.04453125
1 0.921875 0.10078125 0.04453125 0.03359375
1 0.23046875 0.2296875 0.03125 0.02734375
1 0.17109375 0.234375 0.028125 0.01953125
1 0.06171875 0.2546875 0.028125 0.0234375
1 0.0109375 0.2640625 0.021875 0.025