0 0.446875 0.5 0.89375 0.39140625
1 0.58671875 0.5265625 0.0234375 0.02421875
1 0.6078125 0.54609375 0.01484375 0.025
1 0.625 0.55859375 0.01328125 0.01875
1 0.671875 0.52421875 0.01953125 0.01640625
1 0.778125 0.5234375 0.0171875 0.0265625
1 0.7953125 0.5078125 0.01328125 0.01796875
1 0.7515625 0.5953125 0.01640625 0.015625
1 0.6921875 0.628125 0.01015625 0.0234375
1 0.7421875 0.62734375 0.0328125 0.021875
1 0.70546875 0.5828125 0.0140625 0.021875
1 0.71484375 0.55703125 0.0171875 0.0140625
1 0.7 0.54375 0.01484375 0.01875
1 0.68515625 0.565625 0.015625 0.015625
1 0.6578125 0.5984375 0.01484375 0.01328125
1 0.66484375 0.58671875 0.0140625 0.0109375
1 0.6734375 0.609375 0.01328125 0.01640625
1 0.57421875 0.5859375 0.0140625 0.01875
1 0.55234375 0.56953125 0.0109375 0.01328125
1 0.7109375 0.8265625 0.01875 0.01796875
1 0.71640625 0.85234375 0.0140625 0.01328125
1 0.70390625 0.84296875 0.0171875 0.0125
1 0.6734375 0.83359375 0.01171875 0.01328125
1 0.66640625 0.86171875 0.02265625 0.0234375
1 0.6234375 0.8484375 0.03828125 0.05390625
1 0.68125 0.79609375 0.0296875 0.02109375
1 0.44453125 0.8140625 0.01953125 0.02109375
1 0.453125 0.83359375 0.01796875 0.02109375
1 0.4609375 0.85078125 0.0140625 0.0140625
1 0.446875 0.86171875 0.0140625 0.0140625
1 0.43984375 0.84921875 0.01484375 0.0125
1 0.4328125 0.82734375 0.01796875 0.01875
1 0.41640625 0.821875 0.0171875 0.02109375
1 0.39921875 0.82421875 0.01484375 0.015625
1 0.3953125 0.80078125 0.0203125 0.01875
1 0.40234375 0.8421875 0.0125 0.01953125
1 0.4109375 0.8515625 0.0140625 0.0125
1 0.42421875 0.859375 0.01484375 0.0125
1 0.40546875 0.86328125 0.0125 0.01875
1 0.39140625 0.8625 0.0125 0.01875
1 0.3921875 0.85 0.0140625 0.015625
1 0.33984375 0.8 0.0265625 0.015625
1 0.2515625 0.8 0.0171875 0.015625
1 0.24140625 0.81015625 0.01640625 0.01328125
1 0.22578125 0.809375 0.0109375 0.01640625
1 0.24921875 0.8203125 0.01484375 0.0109375
1 0.23515625 0.81875 0.01484375 0.0125
1 0.225 0.834375 0.01171875 0.01328125
1 0.25859375 0.8484375 0.0234375 0.02421875
0 0.396875 0.934375 0.06875 0.05390625
0 0.2203125 0.74140625 0.440625 0.059375
1 0.1359375 0.81796875 0.0203125 0.01953125
1 0.11796875 0.84296875 0.02890625 0.0296875
1 0.0671875 0.834375 0.0375 0.04609375
1 0.82578125 0.2828125 0.16484375 0.078125
1 0.72265625 0.1390625 0.0296875 0.02890625
1 0.73984375 0.18828125 0.02578125 0.03125
1 0.65859375 0.15234375 0.021875 0.034375
1 0.68984375 0.19921875 0.01953125 0.0296875
1 0.575 0.18046875 0.05078125 0.05390625
1 0.55234375 0.20546875 0.025 0.02734375
1 0.53515625 0.1734375 0.01953125 0.0234375
1 0.48046875 0.203125 0.04453125 0.05625
1 0.39765625 0.2140625 0.0578125 0.05546875
1 0.31796875 0.21328125 0.028125 0.02734375
1 0.25546875 0.23984375 0.04921875 0.04765625
1 0.17265625 0.24921875 0.0546875 0.0484375
1 0.146875 0.0828125 0.028125 0.03984375