0 0.26171875 0.38515625 0.0890625 0.20625
0 0.07265625 0.2546875 0.0546875 0.1734375
0 0.16015625 0.3015625 0.06640625 0.2046875
0 0.52734375 0.671875 0.2703125 0.30234375
1 0.16015625 0.55 0.0359375 0.02578125
1 0.13828125 0.5875 0.03515625 0.0234375
0 0.15 0.77890625 0.0734375 0.21484375
1 0.2625 0.4765625 0.06015625 0.02890625
1 0.13046875 0.22265625 0.0234375 0.028125
1 0.31171875 0.55546875 0.02890625 0.02109375
1 0.66796875 0.83125 0.02734375 0.0234375
1 0.28515625 0.59140625 0.034375 0.02421875
0 0.05703125 0.59921875 0.05546875 0.17421875
1 0.26484375 0.625 0.02890625 0.021875
0 0.02734375 0.52890625 0.0546875 0.1171875
1 0.0390625 0.4625 0.04140625 0.05234375
0 0.0234375 0.65703125 0.046875 0.1640625
0 0.05546875 0.77109375 0.06484375 0.1296875
1 0.0546875 0.715625 0.046875 0.0609375
0 0.07421875 0.9078125 0.06171875 0.0453125
0 0.16015625 0.94375 0.06640625 0.0578125
1 0.5609375 0.8703125 0.0484375 0.02734375
1 0.48515625 0.8921875 0.06328125 0.0328125
0 0.50078125 0.4640625 0.321875 0.24609375