0 0.74453125 0.4546875 0.20859375 0.25703125
0 0.7828125 0.66171875 0.171875 0.2015625
0 0.953125 0.82578125 0.09375 0.14765625
0 0.3125 0.33828125 0.625 0.40546875
1 0.34609375 0.178125 0.040625 0.0453125
1 0.9890625 0.0421875 0.021875 0.05546875
1 0.9875 0.75859375 0.02421875 0.04921875
1 0.94921875 0.9734375 0.04296875 0.053125
1 0.78046875 0.95078125 0.0734375 0.034375
1 0.6671875 0.9046875 0.0375 0.04609375
1 0.61171875 0.90546875 0.0546875 0.0609375
1 0.315625 0.8515625 0.0734375 0.0296875
1 0.25078125 0.83828125 0.05078125 0.034375
1 0.109375 0.78515625 0.10859375 0.090625
1 0.121875 0.84375 0.13984375 0.040625
1 0.1046875 0.91328125 0.209375 0.0671875