0 0.1 0.375 0.08984375 0.13671875
0 0.49921875 0.2765625 0.58046875 0.35078125
1 0.50703125 0.05234375 0.04921875 0.05859375
1 0.32109375 0.1203125 0.04375 0.053125
1 0.17265625 0.171875 0.0453125 0.05078125
1 0.05234375 0.22109375 0.05234375 0.0453125
1 0.46953125 0.58671875 0.0828125 0.05078125
1 0.5890625 0.55234375 0.025 0.0265625
1 0.63359375 0.57890625 0.0140625 0.01796875
1 0.665625 0.56171875 0.065625 0.05390625
1 0.6765625 0.60859375 0.103125 0.02890625
1 0.63671875 0.67109375 0.0203125 0.03203125
1 0.5921875 0.6609375 0.01953125 0.025
1 0.5296875 0.60703125 0.01796875 0.02734375
1 0.7984375 0.54375 0.02421875 0.02890625
0 0.36015625 0.89296875 0.19765625 0.2140625
0 0.575 0.90234375 0.2375 0.1953125
1 0.9734375 0.634375 0.0328125 0.0453125