1 0.18828125 0.34921875 0.0453125 0.03046875
1 0.3453125 0.37890625 0.04375 0.028125
1 0.81796875 0.1890625 0.05078125 0.03671875
1 0.93984375 0.4859375 0.03359375 0.028125
0 0.49921875 0.4859375 0.98828125 0.26953125
0 0.23515625 0.11484375 0.46640625 0.22578125
1 0.78359375 0.4578125 0.03359375 0.0265625
1 0.7 0.41640625 0.02734375 0.025
1 0.2796875 0.32578125 0.028125 0.0296875
1 0.48046875 0.36796875 0.03125 0.0296875
1 0.64140625 0.4015625 0.03046875 0.02734375
1 0.14609375 0.29765625 0.03515625 0.03046875
1 0.59296875 0.42421875 0.0375 0.02421875
1 0.3671875 0.025 0.06640625 0.04375
1 0.78984375 0.41796875 0.025 0.0234375
1 0.8640625 0.47265625 0.03515625 0.02265625
1 0.68984375 0.44140625 0.0359375 0.02109375
1 0.3125 0.3578125 0.0234375 0.02265625
0 0.84765625 0.1125 0.2265625 0.14140625
0 0.58671875 0.22109375 0.2046875 0.175
0 0.8453125 0.3 0.30859375 0.15625
1 0.471875 0.4046875 0.034375 0.03125
1 0.47109375 0.659375 0.7140625 0.06953125
1 0.3484375 0.58828125 0.69609375 0.0828125
0 0.875 0.69921875 0.09609375 0.04453125