0 0.55546875 0.3234375 0.221875 0.1390625
0 0.83359375 0.45 0.3328125 0.08125
0 0.85 0.25390625 0.3 0.1265625
1 0.6390625 0.09140625 0.0578125 0.06796875
0 0.66171875 0.5765625 0.04296875 0.11171875
0 0.9578125 0.58359375 0.084375 0.078125
0 0.1015625 0.26015625 0.16015625 0.14296875
1 0.05703125 0.40078125 0.04453125 0.02265625
1 0.1484375 0.40078125 0.04609375 0.02890625
1 0.2390625 0.40390625 0.03828125 0.02734375
1 0.35703125 0.40078125 0.0328125 0.03203125
1 0.53515625 0.43125 0.2 0.0546875
1 0.39375 0.390625 0.03671875 0.025
1 0.63828125 0.51328125 0.04609375 0.01953125
1 0.9171875 0.521875 0.034375 0.0296875
1 0.3796875 0.5 0.04765625 0.0359375