1 0.68828125 0.97421875 0.0546875 0.05078125
1 0.7296875 0.853125 0.05 0.046875
1 0.74921875 0.78828125 0.03515625 0.0203125
1 0.7703125 0.75390625 0.0296875 0.01953125
1 0.76875 0.725 0.01953125 0.01328125
1 0.046875 0.67734375 0.01953125 0.0109375
1 0.13203125 0.67109375 0.021875 0.01875
1 0.1953125 0.65859375 0.0203125 0.0234375
1 0.25234375 0.65390625 0.02265625 0.01328125
1 0.29765625 0.646875 0.01953125 0.01484375
1 0.33828125 0.640625 0.02421875 0.01953125
1 0.37734375 0.6375 0.01484375 0.01640625
1 0.778125 0.70390625 0.02109375 0.00703125
1 0.78671875 0.68984375 0.01796875 0.0078125
0 0.1734375 0.2953125 0.059375 0.071875