2 0.103125 0.14296875 0.0625 0.15078125
2 0.2890625 0.3921875 0.0390625 0.1046875
2 0.20546875 0.5765625 0.0328125 0.0515625
2 0.25390625 0.61796875 0.01796875 0.05
2 0.67109375 0.37734375 0.034375 0.078125
2 0.7953125 0.47421875 0.03125 0.06171875
2 0.7296875 0.54453125 0.01796875 0.0546875
2 0.77421875 0.55390625 0.01484375 0.028125
0 0.95703125 0.5625 0.04296875 0.05625
0 0.85390625 0.453125 0.05390625 0.053125
0 0.903125 0.58671875 0.04140625 0.06328125
0 0.86796875 0.59140625 0.0390625 0.05625
0 0.8375 0.61015625 0.02734375 0.0390625
0 0.42109375 0.6484375 0.0640625 0.11640625
0 0.453125 0.78671875 0.05546875 0.32578125
0 0.37421875 0.66171875 0.04609375 0.0953125
0 0.33828125 0.70078125 0.0546875 0.053125
0 0.390625 0.40390625 0.08671875 0.10078125
0 0.31015625 0.48671875 0.0328125 0.1625
0 0.18203125 0.75703125 0.03203125 0.04453125