2 0.47734375 0.18828125 0.05625 0.09453125
2 0.61171875 0.15703125 0.0671875 0.1046875
2 0.83828125 0.09296875 0.028125 0.0546875
2 0.87421875 0.075 0.034375 0.0546875
2 0.8921875 0.09453125 0.03828125 0.0390625
2 0.71015625 0.37890625 0.0328125 0.04765625
2 0.6859375 0.3984375 0.0328125 0.053125
2 0.596875 0.45234375 0.01875 0.04296875
2 0.515625 0.4984375 0.01796875 0.028125
2 0.4421875 0.38828125 0.02578125 0.059375
2 0.3328125 0.47734375 0.01796875 0.04296875
2 0.29296875 0.44453125 0.0359375 0.059375
2 0.16875 0.36484375 0.0359375 0.059375
1 0.809375 0.47734375 0.0234375 0.084375
2 0.7171875 0.51171875 0.028125 0.0359375
0 0.0375 0.28984375 0.075 0.0625