2 0.7171875 0.2390625 0.04921875 0.059375
2 0.6453125 0.24765625 0.04375 0.06328125
2 0.68828125 0.3765625 0.0265625 0.04140625
2 0.65625 0.3828125 0.025 0.04765625
2 0.65390625 0.44140625 0.01640625 0.02578125
2 0.68125 0.434375 0.0140625 0.02578125
2 0.6734375 0.46484375 0.01796875 0.021875
2 0.653125 0.46640625 0.01875 0.02734375
0 0.27421875 0.409375 0.06484375 0.0578125
1 0.32734375 0.51328125 0.0671875 0.103125
1 0.42734375 0.5359375 0.03515625 0.0359375
0 0.9453125 0.403125 0.05234375 0.065625