2 0.409375 0.325 0.025 0.04921875
2 0.38203125 0.3328125 0.01953125 0.03359375
2 0.34296875 0.34140625 0.02890625 0.04296875
2 0.259375 0.346875 0.0140625 0.02578125
2 0.22734375 0.33828125 0.021875 0.040625
2 0.1890625 0.3203125 0.025 0.040625
2 0.14140625 0.30703125 0.0296875 0.05390625
2 0.59296875 0.25390625 0.0296875 0.0296875
2 0.6390625 0.28671875 0.02109375 0.0359375
2 0.6640625 0.29609375 0.0125 0.02265625
2 0.6828125 0.2625 0.0140625 0.01953125
2 0.78984375 0.26328125 0.0203125 0.03125
2 0.8390625 0.20234375 0.03203125 0.04765625
2 0.93671875 0.14765625 0.0265625 0.03671875
2 0.96953125 0.1046875 0.0375 0.05859375