2 0.6078125 0.32265625 0.078125 0.05859375
2 0.9171875 0.4421875 0.0609375 0.040625
2 0.93125 0.4921875 0.0421875 0.028125
0 0.39453125 0.32265625 0.05625 0.090625
1 0.45078125 0.28125 0.10390625 0.06875
1 0.46953125 0.434375 0.0421875 0.028125
1 0.44921875 0.58515625 0.0359375 0.0265625
0 0.3484375 0.58828125 0.0609375 0.05234375
1 0.08828125 0.4203125 0.05078125 0.02578125
1 0.08828125 0.45546875 0.03359375 0.021875
1 0.1 0.25 0.0546875 0.03828125
1 0.265625 0.48671875 0.04609375 0.03046875
1 0.3390625 0.44765625 0.05625 0.0546875
1 0.3453125 0.2796875 0.0421875 0.05703125
0 0.42265625 0.08515625 0.12265625 0.1171875
0 0.79453125 0.4578125 0.08515625 0.03203125
1 0.73359375 0.46953125 0.0609375 0.0265625