2 0.7453125 0.07734375 0.021875 0.0453125
2 0.915625 0.121875 0.03203125 0.04921875
2 0.4203125 0.3921875 0.025 0.03984375
2 0.00703125 0.24921875 0.0140625 0.0625
2 0.55703125 0.44765625 0.021875 0.02734375
2 0.590625 0.4546875 0.0203125 0.02890625
2 0.64375 0.4625 0.015625 0.0296875
2 0.678125 0.46171875 0.01484375 0.02578125
2 0.79453125 0.36484375 0.028125 0.03046875
2 0.86484375 0.3875 0.02890625 0.03359375
2 0.83828125 0.43984375 0.05234375 0.02734375
2 0.9234375 0.3953125 0.015625 0.0296875
2 0.90546875 0.42734375 0.01015625 0.021875