2 0.8078125 0.184375 0.05546875 0.12109375
2 0.8140625 0.30859375 0.03984375 0.07265625
2 0.6703125 0.41953125 0.040625 0.078125
2 0.61796875 0.5203125 0.0234375 0.06640625
2 0.590625 0.5765625 0.02578125 0.05078125
2 0.56640625 0.6109375 0.01640625 0.0375
2 0.5546875 0.63046875 0.015625 0.02890625
2 0.5421875 0.63984375 0.01875 0.0296875
2 0.51640625 0.6828125 0.04921875 0.06875
2 0.39921875 0.68671875 0.046875 0.05859375
2 0.37578125 0.659375 0.0171875 0.0140625
2 0.36328125 0.646875 0.01640625 0.021875
2 0.35234375 0.64140625 0.01875 0.02734375
2 0.340625 0.6234375 0.02265625 0.04140625
2 0.3203125 0.60703125 0.02109375 0.03359375
2 0.3 0.58671875 0.01484375 0.05625
2 0.27578125 0.5671875 0.015625 0.05078125
2 0.178125 0.4203125 0.0328125 0.05859375
2 0.103125 0.27109375 0.06796875 0.11484375