2 0.56875 0.26484375 0.03828125 0.0609375
0 0.66328125 0.22109375 0.05234375 0.275
0 0.53984375 0.30390625 0.0328125 0.14453125
0 0.6015625 0.39765625 0.0984375 0.06640625
0 0.5125 0.41328125 0.07734375 0.0765625
0 0.49609375 0.346875 0.0484375 0.05625
0 0.41640625 0.153125 0.07265625 0.278125
0 0.35703125 0.21953125 0.034375 0.315625
0 0.1390625 0.090625 0.06328125 0.18046875
0 0.04921875 0.33671875 0.05625 0.0796875
0 0.13125 0.35859375 0.040625 0.0546875
0 0.09453125 0.3765625 0.075 0.06796875
0 0.17109375 0.303125 0.08203125 0.03359375
0 0.178125 0.36875 0.1125 0.04921875
0 0.39296875 0.384375 0.053125 0.08828125
2 0.25859375 0.346875 0.02109375 0.0375
2 0.24375 0.41796875 0.01328125 0.0234375
2 0.2328125 0.44765625 0.009375 0.021875