1 0.125 0.18359375 0.1078125 0.28359375
1 0.3578125 0.3046875 0.0671875 0.18203125
1 0.45625 0.3421875 0.05546875 0.1390625
1 0.5234375 0.365625 0.03046875 0.1109375
2 0.3359375 0.18125 0.04140625 0.06484375
2 0.4484375 0.24296875 0.03359375 0.05625
2 0.51328125 0.2953125 0.025 0.05
2 0.55703125 0.3203125 0.02734375 0.046875
2 0.58828125 0.34609375 0.0234375 0.0421875
2 0.61328125 0.359375 0.01953125 0.03671875
1 0.56640625 0.38125 0.0359375 0.09375
1 0.5953125 0.39609375 0.02890625 0.0734375
1 0.61640625 0.40546875 0.028125 0.07265625
1 0.653125 0.41484375 0.04296875 0.0765625