2 0.97109375 0.08359375 0.05703125 0.09296875
2 0.7359375 0.25859375 0.05859375 0.09140625
2 0.59140625 0.328125 0.05859375 0.07265625
2 0.503125 0.38671875 0.05234375 0.0625
2 0.43046875 0.41875 0.03671875 0.07109375
2 0.38359375 0.471875 0.03984375 0.04921875
2 0.3609375 0.50703125 0.0359375 0.0421875
2 0.3234375 0.53203125 0.02578125 0.0375
2 0.31640625 0.56328125 0.02734375 0.02734375
2 0.26875 0.57890625 0.03125 0.040625
2 0.2515625 0.609375 0.028125 0.0375
2 0.2203125 0.63984375 0.034375 0.05390625
2 0.1921875 0.6578125 0.0171875 0.0390625
2 0.1453125 0.6484375 0.01953125 0.034375
2 0.084375 0.68125 0.02578125 0.02578125
2 0.10546875 0.6890625 0.0203125 0.03046875