2 0.79765625 0.28359375 0.071875 0.084375
2 0.18125 0.2578125 0.07578125 0.07578125
2 0.18671875 0.396875 0.0421875 0.04453125
2 0.61328125 0.415625 0.0328125 0.03046875
2 0.51875 0.48828125 0.02265625 0.02578125
2 0.46640625 0.52734375 0.02109375 0.02265625
2 0.44375 0.5515625 0.0203125 0.028125
2 0.19453125 0.4671875 0.03984375 0.046875
2 0.20390625 0.52109375 0.04375 0.03828125
2 0.22421875 0.54609375 0.028125 0.02421875
2 0.246875 0.565625 0.0265625 0.0203125
2 0.259375 0.5828125 0.03828125 0.03671875
2 0.28203125 0.58984375 0.034375 0.03125
2 0.29921875 0.6046875 0.03125 0.03828125
2 0.31796875 0.61171875 0.03203125 0.03671875
2 0.340625 0.6234375 0.03671875 0.0359375
2 0.3625 0.62734375 0.02734375 0.02578125
2 0.384375 0.62890625 0.0140625 0.0265625
2 0.41015625 0.6359375 0.01953125 0.02109375
2 0.43515625 0.64296875 0.0140625 0.0234375
2 0.43359375 0.57265625 0.01953125 0.01640625
2 0.4296875 0.58828125 0.02265625 0.01875
2 0.4359375 0.60078125 0.01796875 0.01484375
2 0.43984375 0.609375 0.01875 0.02109375
2 0.4609375 0.64921875 0.01640625 0.01796875
2 0.4578125 0.62265625 0.01640625 0.01640625
2 0.46796875 0.63046875 0.0125 0.01796875
2 0.48203125 0.65390625 0.0140625 0.01875
2 0.50625 0.65703125 0.0203125 0.02265625
2 0.53046875 0.66484375 0.01171875 0.0203125
2 0.540625 0.66328125 0.01484375 0.01015625
2 0.559375 0.66953125 0.0171875 0.0234375
2 0.57109375 0.671875 0.01875 0.01640625
2 0.590625 0.6765625 0.015625 0.0203125
2 0.60390625 0.67578125 0.01328125 0.015625