2 0.55546875 0.13984375 0.04921875 0.09375
2 0.3296875 0.13515625 0.04140625 0.059375
2 0.58984375 0.20390625 0.03515625 0.05546875
2 0.6640625 0.5078125 0.01640625 0.0390625
0 0.696875 0.39765625 0.09296875 0.12734375
0 0.4234375 0.45390625 0.046875 0.1828125
0 0.153125 0.5078125 0.1921875 0.11484375
1 0.253125 0.47265625 0.23671875 0.103125
1 0.03828125 0.4828125 0.02890625 0.05
1 0.10546875 0.65703125 0.01171875 0.0203125
1 0.13515625 0.63515625 0.01796875 0.02578125
1 0.15859375 0.65625 0.0171875 0.03828125
1 0.20078125 0.65390625 0.01875 0.02734375
1 0.209375 0.63984375 0.01875 0.0203125
1 0.2390625 0.64453125 0.0203125 0.0328125
1 0.290625 0.65390625 0.0140625 0.021875
1 0.3140625 0.65625 0.015625 0.01875
1 0.34453125 0.653125 0.021875 0.0203125
1 0.36484375 0.65078125 0.0203125 0.021875
0 0.3421875 0.73671875 0.153125 0.109375
0 0.49140625 0.63984375 0.0984375 0.06796875
0 0.52109375 0.72578125 0.08359375 0.10546875
0 0.621875 0.58359375 0.04296875 0.13359375
0 0.56328125 0.5734375 0.04140625 0.0921875