2 0.8078125 0.0671875 0.14921875 0.11953125
2 0.55234375 0.0765625 0.07578125 0.11640625
2 0.0515625 0.071875 0.103125 0.134375
2 0.33828125 0.559375 0.0796875 0.0578125
2 0.74453125 0.56328125 0.0796875 0.0578125
2 0.9 0.84765625 0.08203125 0.0515625
2 0.721875 0.7375 0.04375 0.04609375
2 0.44453125 0.725 0.04921875 0.05546875
2 0.16875 0.90859375 0.0578125 0.05
2 0.490625 0.80390625 0.0375 0.04375
2 0.51875 0.8515625 0.03515625 0.04140625
2 0.7046875 0.80546875 0.046875 0.05
2 0.69296875 0.85 0.0453125 0.04375