2 0.7453125 0.2921875 0.05703125 0.05859375
2 0.571875 0.26875 0.05234375 0.07109375
2 0.58125 0.44140625 0.0546875 0.04375
2 0.44296875 0.43515625 0.06640625 0.04609375
2 0.496875 0.54453125 0.0375 0.02890625
2 0.384375 0.53828125 0.04375 0.02734375
2 0.45078125 0.621875 0.03515625 0.03671875
2 0.3546875 0.62265625 0.0328125 0.03828125
2 0.35 0.675 0.0421875 0.02421875
2 0.42890625 0.675 0.02421875 0.01796875
2 0.43515625 0.72265625 0.02734375 0.02734375
2 0.36328125 0.72578125 0.0328125 0.0234375
2 0.384375 0.75546875 0.03203125 0.021875
2 0.44921875 0.7546875 0.03203125 0.0203125
2 0.4625 0.78359375 0.02890625 0.01875
2 0.49375 0.80625 0.028125 0.0203125
2 0.5265625 0.82265625 0.03671875 0.0203125
2 0.47109375 0.82890625 0.02734375 0.01640625