1 0.08515625 0.090625 0.06875 0.09453125
1 0.3046875 0.19921875 0.05703125 0.07265625
1 0.51953125 0.31328125 0.04140625 0.06875
1 0.5875 0.3484375 0.04296875 0.0421875
1 0.6765625 0.384375 0.02890625 0.0578125
1 0.7109375 0.39609375 0.02734375 0.05234375
1 0.946875 0.05625 0.0515625 0.06875
1 0.96484375 0.16640625 0.04375 0.0328125
1 0.96875 0.2515625 0.03984375 0.04609375
1 0.975 0.3015625 0.028125 0.034375
1 0.98203125 0.384375 0.0359375 0.11875
1 0.7359375 0.41015625 0.0234375 0.0578125
1 0.75703125 0.415625 0.01953125 0.04453125
1 0.76875 0.42734375 0.01953125 0.0421875
1 0.7859375 0.43046875 0.01796875 0.034375
1 0.86953125 0.45234375 0.153125 0.06328125