2 0.1171875 0.01953125 0.02578125 0.03828125
2 0.2015625 0.1703125 0.01953125 0.03046875
2 0.26328125 0.28671875 0.02578125 0.0375
2 0.30390625 0.3546875 0.0203125 0.0296875
2 0.3265625 0.3984375 0.01484375 0.03046875
2 0.3484375 0.43828125 0.02109375 0.03046875
2 0.36875 0.47578125 0.0203125 0.03046875
2 0.39453125 0.521875 0.01015625 0.0203125
2 0.41328125 0.54921875 0.01171875 0.021875
2 0.42890625 0.57109375 0.01640625 0.03203125
1 0.428125 0.68984375 0.02734375 0.03828125
1 0.41171875 0.68515625 0.02734375 0.0375
1 0.38828125 0.68125 0.01953125 0.05
1 0.3671875 0.67578125 0.03125 0.04140625
1 0.31875 0.65078125 0.03125 0.06796875
1 0.22421875 0.6296875 0.06328125 0.1
1 0.08984375 0.63046875 0.06953125 0.0734375
1 0.8578125 0.59375 0.02578125 0.03359375
2 0.4921875 0.65078125 0.01953125 0.0265625
2 0.53984375 0.64765625 0.02421875 0.03359375
2 0.56328125 0.6515625 0.01796875 0.02421875
2 0.60546875 0.6484375 0.03046875 0.03046875
2 0.66484375 0.64921875 0.0234375 0.0265625
2 0.70234375 0.6484375 0.0171875 0.021875
2 0.72109375 0.653125 0.0171875 0.02421875
2 0.76171875 0.65390625 0.0125 0.01796875
2 0.77890625 0.65 0.01953125 0.0203125
2 0.81015625 0.65234375 0.01640625 0.0234375
2 0.8390625 0.653125 0.02109375 0.0265625
2 0.87421875 0.6546875 0.02421875 0.01953125
2 0.9078125 0.6546875 0.02109375 0.021875
2 0.9375 0.65703125 0.0234375 0.0296875
2 0.96484375 0.65546875 0.0234375 0.02578125
2 0.990625 0.65234375 0.01875 0.0265625