2 0.58828125 0.51953125 0.03515625 0.0609375
2 0.51328125 0.525 0.03828125 0.05859375
2 0.36640625 0.5453125 0.021875 0.03359375
1 0.68515625 0.74140625 0.02578125 0.028125
1 0.71953125 0.74140625 0.02421875 0.0265625
2 0.40859375 0.53828125 0.01796875 0.02421875
2 0.46015625 0.6 0.01328125 0.01640625
2 0.440625 0.59140625 0.0109375 0.01328125
2 0.41640625 0.61015625 0.0078125 0.01015625
2 0.56640625 0.60078125 0.0109375 0.01640625
2 0.5578125 0.60859375 0.01328125 0.01875
2 0.50546875 0.58125 0.00859375 0.0109375
2 0.4953125 0.60703125 0.0078125 0.0125
2 0.51171875 0.60859375 0.01015625 0.015625