0 0.06875 0.2515625 0.13671875 0.23671875
0 0.1984375 0.07734375 0.1328125 0.1546875
0 0.28828125 0.05859375 0.05703125 0.1171875
0 0.284375 0.24375 0.06171875 0.2296875
0 0.36328125 0.2203125 0.05078125 0.19296875
0 0.3171875 0.21328125 0.040625 0.1953125
0 0.32578125 0.0515625 0.0390625 0.103125
0 0.40625 0.30390625 0.03359375 0.234375
0 0.346875 0.35859375 0.06015625 0.1171875
0 0.14921875 0.50234375 0.065625 0.08125
0 0.321875 0.40703125 0.0328125 0.096875
0 0.196875 0.33125 0.11640625 0.1484375
0 0.4359375 0.4375 0.03203125 0.08515625
0 0.3765625 0.478125 0.0921875 0.12109375
0 0.45859375 0.26484375 0.025 0.1265625
0 0.484375 0.23828125 0.02109375 0.0484375
0 0.48828125 0.42265625 0.025 0.16171875
0 0.5125 0.2921875 0.01640625 0.08046875
0 0.4875 0.2953125 0.02890625 0.07734375
0 0.51484375 0.4265625 0.01796875 0.090625
1 0.2140625 0.4609375 0.059375 0.03828125
1 0.36328125 0.53828125 0.08125 0.04375
0 0.8203125 0.453125 0.0453125 0.125
0 0.7640625 0.32578125 0.03828125 0.1734375
0 0.7640625 0.16875 0.0296875 0.16484375
0 0.82109375 0.05859375 0.03515625 0.1171875
0 0.9046875 0.13203125 0.05078125 0.2640625
0 0.91953125 0.3296875 0.0625 0.1203125
0 0.87109375 0.45 0.0734375 0.1203125
0 0.92734375 0.45078125 0.0359375 0.071875
0 0.7828125 0.496875 0.0421875 0.084375
0 0.73671875 0.53359375 0.0203125 0.0359375
0 0.6890625 0.471875 0.0203125 0.09765625
0 0.6890625 0.5390625 0.0203125 0.059375
0 0.40390625 0.09453125 0.034375 0.1890625