0 0.85703125 0.3453125 0.1109375 0.19765625
0 0.75078125 0.21171875 0.13984375 0.21640625
0 0.6375 0.56328125 0.0578125 0.08671875
0 0.53203125 0.40078125 0.059375 0.2671875
0 0.53125 0.1234375 0.07109375 0.246875
0 0.4546875 0.309375 0.0453125 0.4
0 0.3828125 0.3203125 0.05234375 0.29765625
0 0.3359375 0.38125 0.05546875 0.28125
0 0.2703125 0.4203125 0.059375 0.2421875
0 0.28125 0.1328125 0.04765625 0.265625
1 0.22890625 0.23984375 0.0359375 0.05703125
0 0.15234375 0.21015625 0.075 0.30546875
0 0.071875 0.4484375 0.14375 0.20546875