0 0.84765625 0.3859375 0.22734375 0.17578125
0 0.0265625 0.5875 0.0515625 0.353125
0 0.659375 0.4265625 0.03046875 0.06875
0 0.55078125 0.571875 0.02109375 0.0890625
0 0.415625 0.515625 0.05859375 0.0734375
0 0.22421875 0.18203125 0.046875 0.12890625
0 0.06461249999999999 0.45936960625 0.13164 0.4579437140625 0.19122375 0.47075609687500003 0.19205375 0.338936209375 0.1307575 0.3132195125 0.010271249999999999 0.3140394 0.00332 0.4151031890625 0.05032 0.416975609375 0.06461249999999999 0.45936960625
2 0.57421875 0.31015625 0.0328125 0.0296875
0 0.30703125 0.14921875 0.034375 0.03671875
0 0.35625 0.39296875 0.03203125 0.1171875
0 0.25078125 0.4703125 0.03828125 0.12578125
1 0.07421875 0.575 0.03671875 0.24296875
2 0.4984375 0.44921875 0.021875 0.025
2 0.61796875 0.48046875 0.015625 0.01875