2 0.071875 0.09140625 0.053125 0.0890625
2 0.55625 0.075 0.0671875 0.09140625
2 0.334375 0.30234375 0.040625 0.0546875
2 0.4921875 0.4375 0.05234375 0.0609375
2 0.5734375 0.50703125 0.046875 0.0546875
2 0.68203125 0.29921875 0.05390625 0.07734375
2 0.75 0.421875 0.05078125 0.0515625
2 0.64453125 0.55390625 0.021875 0.04375
2 0.6859375 0.6015625 0.040625 0.04140625
2 0.80234375 0.5046875 0.0390625 0.05703125
2 0.73359375 0.61953125 0.03203125 0.034375
2 0.82734375 0.55859375 0.02890625 0.04375
2 0.75546875 0.64453125 0.02109375 0.0453125
2 0.7765625 0.66953125 0.02109375 0.0359375
2 0.79609375 0.6796875 0.02109375 0.0359375
2 0.8140625 0.6953125 0.0203125 0.034375
2 0.8546875 0.5984375 0.03046875 0.04375
2 0.86953125 0.62421875 0.021875 0.03046875
2 0.88359375 0.6453125 0.03125 0.03046875
2 0.89140625 0.66640625 0.01796875 0.02265625
2 0.825 0.70859375 0.01953125 0.0265625
2 0.83984375 0.7171875 0.0125 0.025
2 0.8625 0.73515625 0.01875 0.034375
2 0.90234375 0.684375 0.01484375 0.02890625
2 0.9109375 0.696875 0.01875 0.028125
2 0.925 0.71640625 0.01953125 0.02890625
2 0.8796875 0.746875 0.0234375 0.015625