2 0.2703125 0.10390625 0.046875 0.05234375
2 0.4953125 0.09921875 0.065625 0.0609375
2 0.48359375 0.27265625 0.03359375 0.05703125
2 0.6390625 0.28046875 0.046875 0.0765625
2 0.5921875 0.3515625 0.021875 0.0390625
2 0.71796875 0.36484375 0.021875 0.0375
2 0.66796875 0.4203125 0.01796875 0.02734375
2 0.7109375 0.4609375 0.01328125 0.0171875
2 0.76875 0.42421875 0.01328125 0.02890625
2 0.74765625 0.48359375 0.01796875 0.03359375
2 0.775 0.509375 0.01875 0.0328125
2 0.8 0.459375 0.01796875 0.0203125
2 0.8203125 0.48359375 0.02578125 0.0296875
2 0.8484375 0.51171875 0.02421875 0.0375
2 0.9188673328125001 0.608845175 0.9836199999999999 0.6123107109375 0.978594 0.5898865328125 0.9218446671875 0.585012725 0.8622526671875 0.518962884375 0.8521746671875 0.547869565625 0.9020613328125 0.597749734375 0.9188673328125001 0.608845175
2 0.90306 0.5872216328125 0.7999046671875 0.512369034375 0.8046613328125 0.548207846875 0.9010066671875 0.6003669140625 0.90306 0.5872216328125
2 0.80546875 0.53828125 0.0328125 0.05546875