0 0.78828125 0.21875 0.1140625 0.25703125
0 0.83515625 0.33125 0.14375 0.0796875
0 0.85390625 0.490625 0.16484375 0.2640625
0 0.896875 0.6390625 0.134375 0.053125
0 0.94765625 0.5578125 0.1046875 0.0578125
0 0.8015625 0.6359375 0.10234375 0.06171875
0 0.70546875 0.66796875 0.10390625 0.0640625
0 0.6625 0.63515625 0.06640625 0.065625
0 0.6421875 0.57109375 0.06796875 0.09375
0 0.63671875 0.4 0.08359375 0.26328125
0 0.18359375 0.096875 0.14375 0.19375
0 0.1015625 0.17421875 0.1234375 0.13984375
0 0.32890625 0.1921875 0.06640625 0.16328125
0 0.31484375 0.28671875 0.0640625 0.1265625
0 0.3640625 0.36015625 0.04921875 0.08359375
0 0.3625 0.44296875 0.0546875 0.11015625
0 0.30625 0.3875 0.096875 0.1296875
0 0.2234375 0.37578125 0.08359375 0.11015625
0 0.3078125 0.48515625 0.07421875 0.07109375
0 0.33515625 0.53359375 0.05703125 0.065625
0 0.4 0.4390625 0.03046875 0.0515625
0 0.41484375 0.55 0.03046875 0.18828125
0 0.35234375 0.63125 0.071875 0.0875
0 0.296875 0.64375 0.096875 0.0546875
0 0.23515625 0.64609375 0.10234375 0.103125
0 0.134375 0.56953125 0.14765625 0.18984375
0 0.02578125 0.56875 0.05078125 0.07109375
0 0.4109375 0.6828125 0.04140625 0.090625
0 0.5984375 0.653125 0.04140625 0.06171875
1 0.05859375 0.67578125 0.04921875 0.0375
1 0.1421875 0.69375 0.0453125 0.04609375
1 0.1859375 0.69296875 0.03828125 0.03515625
1 0.21875 0.70234375 0.08125 0.0296875
1 0.875 0.68125 0.04140625 0.0375