2 0.18828125 0.16171875 0.05234375 0.05546875
2 0.4359375 0.2296875 0.0546875 0.0734375
2 0.71328125 0.62265625 0.01953125 0.04453125
2 0.53671875 0.71328125 0.028125 0.03359375
2 0.403125 0.8171875 0.02734375 0.02421875
2 0.265625 0.53046875 0.06484375 0.0546875
2 0.1015625 0.50546875 0.01171875 0.02109375
2 0.18671875 0.6609375 0.0140625 0.01796875
2 0.07265625 0.64765625 0.01640625 0.0171875
2 0.12265625 0.79296875 0.0125 0.01484375
2 0.16953125 0.79296875 0.0296875 0.02421875
2 0.1421875 0.8421875 0.0125 0.01640625
2 0.1671875 0.89609375 0.0125 0.02109375
2 0.24921875 0.871875 0.01015625 0.015625
2 0.23671875 0.96640625 0.02109375 0.05