2 0.4765625 0.29140625 0.03359375 0.04765625
2 0.58515625 0.29921875 0.02890625 0.04375
2 0.6609375 0.3625 0.02265625 0.02890625
2 0.5109375 0.36015625 0.02109375 0.03515625
2 0.45625 0.3546875 0.0265625 0.03984375
2 0.4609375 0.41328125 0.01796875 0.02265625
2 0.4328125 0.41328125 0.0125 0.01796875
2 0.3921875 0.3875 0.01796875 0.0203125
2 0.35703125 0.39296875 0.0171875 0.01875
2 0.32109375 0.34921875 0.028125 0.0390625
2 0.26640625 0.35390625 0.025 0.04140625
2 0.13046875 0.25859375 0.02890625 0.04921875
2 0.5953125 0.3984375 0.01484375 0.025
2 0.54921875 0.41328125 0.0125 0.021875
2 0.52109375 0.41875 0.01328125 0.01875
2 0.5140625 0.39140625 0.015625 0.034375