2 0.92734375 0.0796875 0.046875 0.04765625
2 0.16171875 0.3625 0.028125 0.0453125
2 0.58671875 0.37265625 0.03515625 0.04921875
2 0.71953125 0.42734375 0.03359375 0.028125
2 0.77734375 0.34765625 0.02734375 0.0375
2 0.7828125 0.46484375 0.02421875 0.02421875
2 0.8828125 0.34140625 0.03828125 0.0296875
2 0.90234375 0.378125 0.02421875 0.01875
2 0.9828125 0.4046875 0.02109375 0.03203125
2 0.984375 0.43515625 0.02109375 0.028125
2 0.98828125 0.46328125 0.0203125 0.025
2 0.91796875 0.41171875 0.01953125 0.0296875
2 0.9296875 0.43203125 0.025 0.03359375
2 0.959375 0.4765625 0.04765625 0.0703125