1 0.7421875 0.29921875 0.0765625 0.04296875
1 0.725 0.3484375 0.06484375 0.034375
1 0.71015625 0.38671875 0.0578125 0.02890625
1 0.69296875 0.4109375 0.06953125 0.03046875
1 0.2359375 0.44765625 0.04140625 0.03203125
1 0.19765625 0.43203125 0.0484375 0.02734375
1 0.1671875 0.40703125 0.0390625 0.0203125
1 0.1203125 0.38515625 0.05078125 0.02421875
1 0.0890625 0.3625 0.04375 0.0203125
1 0.053125 0.33203125 0.03671875 0.02265625
1 0.01875 0.29765625 0.03671875 0.02890625
1 0.81328125 0.2328125 0.14296875 0.02890625
0 0.45625 0.421875 0.1453125 0.21875
0 0.4171875 0.21015625 0.19609375 0.22421875
0 0.55625 0.4953125 0.115625 0.05
0 0.56328125 0.5703125 0.1203125 0.0359375
0 0.59609375 0.559375 0.05546875 0.12265625