2 0.29765625 0.12578125 0.09921875 0.09765625
2 0.459375 0.42890625 0.065625 0.1015625
2 0.55390625 0.6015625 0.05078125 0.06015625
2 0.62265625 0.69296875 0.05390625 0.053125
2 0.65390625 0.73984375 0.0328125 0.05234375
2 0.6875 0.7890625 0.03515625 0.0453125
2 0.71328125 0.82265625 0.03828125 0.03359375
2 0.7421875 0.8421875 0.03671875 0.02421875
2 0.76875 0.8828125 0.02109375 0.0203125
2 0.7796875 0.9015625 0.02578125 0.01484375
2 0.7984375 0.9171875 0.0265625 0.02265625
2 0.8046875 0.925 0.01953125 0.01484375
2 0.88125 0.9640625 0.13828125 0.07109375