0 0.1734375 0.2234375 0.2859375 0.1359375
0 0.63125 0.39453125 0.1078125 0.2
0 0.740625 0.35546875 0.12265625 0.12421875
0 0.721875 0.490625 0.034375 0.1125
0 0.684375 0.1515625 0.20234375 0.26171875
0 0.7849407687500001 0.162481171875 0.9979815390625 0.003677825 0.8646184609375 0 0.7915115390625 0.0380209203125 0.7955676921875 0.040587865625000004 0.7666369234375 0.078199790625 0.7849407687500001 0.162481171875
0 0.50390625 0.22421875 0.10078125 0.2875
1 0.21640625 0.496875 0.209375 0.3484375
1 0.88515625 0.49765625 0.1421875 0.1796875
1 0.9753784609375 0.2144864015625 0.972376153125 0.0475407953125 0.7988784609375 0.1608472796875 0.7960084609375 0.163230125 0.7942661531249999 0.273202928125 0.9753784609375 0.2144864015625
0 0.4640625 0.42890625 0.04296875 0.11171875
0 0.37109375 0.2984375 0.06328125 0.05703125
0 0.39765625 0.36640625 0.0109375 0.07421875
0 0.3734375 0.4578125 0.01796875 0.09296875
0 0.9546875 0.25625 0.06015625 0.08359375
0 0.528125 0.45859375 0.06640625 0.0625
0 0.68671875 0.54296875 0.0453125 0.0671875
0 0.56015625 0.0109375 0.12109375 0.021875
0 0.29609375 0.12890625 0.05625 0.0421875