2 0.61484375 0.03984375 0.0828125 0.0796875
2 0.85078125 0.04765625 0.06171875 0.0765625
2 0.55 0.27734375 0.06953125 0.09453125
2 0.4109375 0.28125 0.07734375 0.0828125
2 0.40546875 0.409375 0.05546875 0.05859375
2 0.309375 0.40078125 0.06640625 0.075
2 0.296875 0.50703125 0.03359375 0.03671875
2 0.2296875 0.503125 0.03203125 0.03359375
2 0.2109375 0.540625 0.02734375 0.0328125
2 0.26796875 0.53671875 0.02890625 0.021875
2 0.26015625 0.56640625 0.0296875 0.02734375
2 0.215625 0.5640625 0.021875 0.021875
2 0.215625 0.58203125 0.02265625 0.01953125
2 0.23125 0.60390625 0.0203125 0.02734375
2 0.2734375 0.59296875 0.02890625 0.02890625
2 0.284375 0.61875 0.01875 0.02578125
2 0.30625 0.6296875 0.02734375 0.04140625
2 0.33515625 0.63359375 0.01875 0.03515625
2 0.35625 0.640625 0.0171875 0.025
2 0.3796875 0.640625 0.02109375 0.03359375
2 0.40390625 0.64921875 0.01875 0.0296875
2 0.42578125 0.65859375 0.02109375 0.0296875
2 0.4484375 0.6640625 0.02109375 0.03671875
2 0.46640625 0.66015625 0.025 0.04140625
2 0.56328125 0.68125 0.04453125 0.04140625
2 0.51328125 0.67421875 0.0515625 0.0328125