2 0.76875 0.21484375 0.06171875 0.1
2 0.98359375 0.24140625 0.0328125 0.0515625
2 0.5859375 0.2953125 0.0296875 0.02890625
2 0.53828125 0.31484375 0.02421875 0.0265625
2 0.4484375 0.3203125 0.02421875 0.02890625
2 0.41328125 0.3125 0.01796875 0.02421875
2 0.171875 0.234375 0.06015625 0.0734375
0 0.03125 0.2421875 0.0625 0.040625
0 0.075 0.28515625 0.13671875 0.06015625
0 0.0765625 0.390625 0.14375 0.0703125
0 0.24375 0.36640625 0.04375 0.04921875
0 0.7078125 0.28828125 0.1515625 0.07734375
0 0.69453125 0.3921875 0.14453125 0.09609375