0 0.63203125 0.575 0.090625 0.17734375
0 0.903125 0.175 0.11640625 0.12734375
0 0.65390625 0.340625 0.07578125 0.30078125
0 0.5765625 0.52890625 0.06875 0.13359375
0 0.39375 0.5609375 0.0640625 0.13671875
0 0.340625 0.5484375 0.059375 0.15625
0 0.2703125 0.50078125 0.13984375 0.12109375
0 0.27109375 0.35 0.08203125 0.1671875
0 0.21328125 0.2890625 0.0359375 0.07890625
0 0.2078125 0.18046875 0.04765625 0.1171875
0 0.09765625 0.08046875 0.1953125 0.1609375
0 0.09765625 0.21640625 0.1953125 0.21015625
0 0.14375 0.56484375 0.10703125 0.29140625
0 0.9359375 0.31640625 0.128125 0.1140625