2 0.97578125 0.26640625 0.0359375 0.09140625
2 0.13125 0.4953125 0.0421875 0.07109375
0 0.34375 0.40859375 0.02265625 0.08046875
0 0.35 0.540625 0.01953125 0.08046875
2 0.30390625 0.60703125 0.0203125 0.0390625
2 0.703125 0.63125 0.02265625 0.04609375
2 0.64140625 0.678125 0.015625 0.03359375
2 0.6234375 0.70390625 0.01171875 0.01953125
2 0.60859375 0.7171875 0.009375 0.02890625
2 0.45703125 0.68359375 0.0203125 0.03046875
2 0.49375 0.70234375 0.021875 0.034375
2 0.51796875 0.709375 0.0234375 0.0234375
2 0.5390625 0.72265625 0.0140625 0.0265625