2 0.76484375 0.30859375 0.0484375 0.09140625
2 0.86953125 0.30546875 0.02734375 0.04140625
2 0.58203125 0.384375 0.02578125 0.0375
2 0.54765625 0.41328125 0.021875 0.02578125
2 0.528125 0.44765625 0.01328125 0.0109375
2 0.50078125 0.41484375 0.0203125 0.03046875
2 0.4828125 0.45390625 0.02265625 0.03046875
2 0.4140625 0.434375 0.021875 0.03125
2 0.40703125 0.4578125 0.0203125 0.01640625
2 0.3765625 0.4390625 0.01015625 0.0140625
2 0.3421875 0.44375 0.01796875 0.01953125
2 0.2265625 0.41015625 0.01796875 0.0265625
2 0.1796875 0.4328125 0.0203125 0.0265625
2 0.20703125 0.44609375 0.01484375 0.03125
2 0.23125 0.45078125 0.0140625 0.02421875