0 0.8703125 0.20859375 0.259375 0.1484375
0 0.68125 0.3046875 0.090625 0.20390625
0 0.8875 0.40703125 0.225 0.0828125
0 0.9359375 0.5640625 0.11875 0.08515625
0 0.59453125 0.58359375 0.1203125 0.04296875
0 0.2640625 0.41875 0.0375 0.10546875
0 0.134375 0.6578125 0.1234375 0.06328125
0 0.33828125 0.63671875 0.11875 0.0421875
0 0.3984375 0.59765625 0.121875 0.046875
0 0.4875 0.59140625 0.09921875 0.03515625
0 0.12578125 0.440625 0.078125 0.034375
0 0.02890625 0.51328125 0.0578125 0.1734375
0 0.1828125 0.325 0.1671875 0.04375
0 0.32109375 0.31640625 0.08203125 0.07109375
0 0.57109375 0.15078125 0.121875 0.06484375