2 0.89921875 0.44140625 0.02578125 0.040625
2 0.7828125 0.4546875 0.028125 0.0421875
2 0.68671875 0.48359375 0.02890625 0.03828125
2 0.6125 0.36953125 0.02734375 0.03828125
2 0.49453125 0.4265625 0.02734375 0.03515625
2 0.5578125 0.52578125 0.02734375 0.0328125
2 0.5140625 0.53046875 0.0171875 0.02421875
2 0.4921875 0.534375 0.0234375 0.02734375
2 0.459375 0.53828125 0.01875 0.0328125
2 0.43359375 0.54609375 0.0125 0.0234375
2 0.40390625 0.46953125 0.02578125 0.02578125
2 0.4125 0.55078125 0.01171875 0.021875
2 0.384375 0.56015625 0.03984375 0.03515625
2 0.34921875 0.4921875 0.0203125 0.02734375
2 0.31328125 0.509375 0.02109375 0.02734375