2 0.2640625 0.1875 0.04453125 0.05546875
2 0.33828125 0.36015625 0.03125 0.04765625
2 0.3625 0.43125 0.02109375 0.0296875
2 0.38671875 0.48671875 0.0171875 0.02890625
2 0.3984375 0.521875 0.02578125 0.05078125
2 0.44921875 0.52734375 0.0203125 0.021875
2 0.440625 0.5640625 0.015625 0.0140625
2 0.76328125 0.490625 0.021875 0.02578125
2 0.70859375 0.5015625 0.01875 0.0328125
2 0.67109375 0.51015625 0.0171875 0.0234375
2 0.64296875 0.51484375 0.0125 0.01796875
2 0.6203125 0.5203125 0.01171875 0.0234375
2 0.60390625 0.5296875 0.00859375 0.02578125
2 0.590625 0.5265625 0.015625 0.0234375
2 0.57421875 0.53671875 0.009375 0.025
2 0.56171875 0.5375 0.00859375 0.01953125