2 0.28046875 0.27578125 0.01484375 0.03125
2 0.30546875 0.2796875 0.015625 0.0203125
2 0.3234375 0.2765625 0.01875 0.0296875
2 0.37578125 0.23046875 0.0359375 0.0328125
2 0.3515625 0.3359375 0.01640625 0.034375
2 0.33125 0.3421875 0.0203125 0.0234375
2 0.3921875 0.29921875 0.01484375 0.034375
2 0.41484375 0.26484375 0.01796875 0.0203125
2 0.43671875 0.2625 0.02109375 0.034375
2 0.45390625 0.2296875 0.01953125 0.0234375
2 0.490625 0.22578125 0.0171875 0.01875
2 0.4859375 0.2625 0.01640625 0.02890625
2 0.484375 0.31015625 0.0234375 0.02578125
2 0.50078125 0.3046875 0.01640625 0.02578125
2 0.52421875 0.27890625 0.021875 0.03828125
2 0.52265625 0.22734375 0.0078125 0.02734375
2 0.54609375 0.25390625 0.0234375 0.0234375
2 0.71875 0.26953125 0.01171875 0.02421875
2 0.7546875 0.27265625 0.02421875 0.034375
2 0.690625 0.225 0.0203125 0.02421875
2 0.2859375 0.34453125 0.02734375 0.03515625