2 0.365625 0.23671875 0.06796875 0.09375
2 0.6421875 0.221875 0.07421875 0.10390625
2 0.9296875 0.35625 0.04609375 0.05078125
2 0.7578125 0.41953125 0.03671875 0.05234375
2 0.6890625 0.44921875 0.02578125 0.03203125
2 0.584375 0.3828125 0.03671875 0.04609375
2 0.56328125 0.42890625 0.0203125 0.02421875
2 0.6484375 0.4671875 0.02265625 0.0265625
2 0.45390625 0.39296875 0.03046875 0.05
2 0.35390625 0.4546875 0.01953125 0.03359375
2 0.39296875 0.46484375 0.01640625 0.03515625
2 0.2734375 0.4265625 0.05078125 0.06796875
2 0.11484375 0.36796875 0.065625 0.0875
2 0.42734375 0.48125 0.015625 0.01875
2 0.4890625 0.4609375 0.03515625 0.07578125
2 0.54296875 0.47578125 0.02265625 0.05703125