1 0.95390625 0.35546875 0.0921875 0.10625
0 0.96171875 0.48359375 0.0765625 0.17109375
0 0.83828125 0.45390625 0.07109375 0.11875
0 0.83671875 0.2296875 0.0953125 0.27734375
0 0.6796875 0.440625 0.0453125 0.290625
0 0.64921875 0.690625 0.0828125 0.38671875
0 0.6921875 0.78671875 0.05078125 0.06484375
0 0.5953125 0.609375 0.03046875 0.08359375
0 0.59609375 0.73359375 0.03984375 0.1703125
0 0.5953125 0.33046875 0.0421875 0.15859375
0 0.4765625 0.2328125 0.05625 0.23671875
0 0.4515625 0.3640625 0.0609375 0.2875
0 0.48125 0.42578125 0.03984375 0.16171875
0 0.26953125 0.134375 0.1 0.26796875
0 0.2640625 0.39375 0.10078125 0.6546875
1 0.1390625 0.15859375 0.06328125 0.04296875
0 0.0578125 0.11484375 0.065625 0.22890625
0 0.07734375 0.43671875 0.09296875 0.165625
0 0.1296875 0.95390625 0.125 0.09140625
0 0.45 0.59453125 0.05078125 0.17578125
0 0.540625 0.67578125 0.0421875 0.16171875
0 0.48203125 0.71640625 0.03203125 0.1234375
0 0.38203125 0.565625 0.05390625 0.1578125
0 0.5140625 0.81953125 0.05 0.09765625
0 0.4625 0.84609375 0.03125 0.08359375
0 0.46015625 0.90703125 0.04375 0.084375
0 0.41328125 0.84609375 0.05625 0.053125