0 0.73671875 0.2046875 0.071875 0.409375
0 0.82265625 0.46796875 0.08359375 0.31875
0 0.9959647734375 0.6472849828125 0.9988636359375 0.47190955625 0.9571647734375001 0.48882081875 0.875 0.5273037546875 0.877996590625 0.5295836171875 0.8886499999999999 0.66872184375 0.9959647734375 0.6472849828125
0 0.3189454546875 0.22943515312499999 0.3281386359375 0.079382253125 0.2795545453125 0.096769625 0.282803409375 0.0986757671875 0.27326022656250004 0.24358703125 0.3189454546875 0.22943515312499999
0 0.16341931875 0.6676894203125 0.174334090625 0.5069863484375 0.049178409374999996 0.42324744062499997 0.04984431875 0.42522866875 0.0339352265625 0.5098720140624999 0.16341931875 0.6676894203125
0 0.496875 0.596875 0.153125 0.6984375
0 0.69296875 0.55625 0.12734375 0.29765625
0 0.8109375 0.65625 0.13828125 0.14453125
0 0.62421875 0.65625 0.1125 0.25078125
0 0.309375 0.54765625 0.08515625 0.5015625
0 0.3640625 0.86953125 0.0765625 0.12109375
0 0.38828125 0.66640625 0.06484375 0.25390625
1 0.94921875 0.70859375 0.10078125 0.04140625
0 0.76171875 0.81953125 0.090625 0.1859375
0 0.63515625 0.8734375 0.10703125 0.18046875
0 0.7047102265625 0.0655597265625 0.70096818125 0.0006058015624999999 0.6309750000000001 0 0.5848852265625 0.1064419796875 0.5838954546874999 0.11134129687500001 0.61266818125 0.19311262812500002 0.7047102265625 0.0655597265625
0 0.67265625 0.28984375 0.05234375 0.08828125