2 0.6203125 0.09609375 0.1203125 0.13828125
2 0.88359375 0.346875 0.090625 0.228125
2 0.72265625 0.56953125 0.06328125 0.1421875
2 0.58359375 0.42890625 0.1046875 0.08125
2 0.5328125 0.5734375 0.065625 0.06640625
2 0.20078125 0.73125 0.184375 0.284375
2 0.475 0.65859375 0.0578125 0.0484375
2 0.54609375 0.7234375 0.0578125 0.06796875
2 0.6140625 0.6921875 0.040625 0.02578125
2 0.34805312499999996 0.8478580984375 0.4031166671875 0.8412757703124999 0.47828125000000005 0.7200749671875 0.449478125 0.6921244984375 0.410415625 0.7970615796875 0.3887791671875 0.8090896921875 0.3500770828125 0.8155020078125 0.34805312499999996 0.8478580984375
2 0.5356854171875 0.763489959375 0.51953125 0.72958500625 0.42515104218750005 0.8315809906249999 0.422734375 0.8675060234374999 0.485096875 0.841242303125 0.5356854171875 0.763489959375