2 0.3 0.2828125 0.14921875 0.11796875
2 0.67578125 0.29375 0.13359375 0.08046875
2 0.8046875 0.50859375 0.06875 0.05390625
2 0.55625 0.4921875 0.0703125 0.06015625
2 0.3296875 0.63671875 0.06640625 0.04921875
2 0.38203125 0.70078125 0.046875 0.03125
2 0.17734375 0.64609375 0.06875 0.04296875
2 0.02265625 0.49296875 0.04453125 0.04765625
2 0.87734375 0.63515625 0.0640625 0.04765625
2 0.9296875 0.7109375 0.0359375 0.03359375
2 0.80390625 0.696875 0.03828125 0.0265625
2 0.68046875 0.76015625 0.04140625 0.02109375