2 0.61953125 0.23515625 0.05 0.08125
2 0.45234375 0.38359375 0.034375 0.05546875
2 0.396875 0.43359375 0.01640625 0.01796875
2 0.37265625 0.4640625 0.01640625 0.025
1 0.546875 0.5640625 0.0203125 0.0328125
1 0.44453125 0.5546875 0.01328125 0.01875
1 0.128125 0.54921875 0.01640625 0.0125
1 0.04453125 0.54765625 0.01640625 0.028125
1 0.02890625 0.51015625 0.01796875 0.01328125
1 0.078125 0.546875 0.01171875 0.02578125
1 0.10390625 0.5453125 0.0171875 0.0203125
1 0.25078125 0.540625 0.01875 0.0203125
1 0.73984375 0.5390625 0.0296875 0.02890625
1 0.7953125 0.54375 0.02109375 0.0359375
1 0.83984375 0.5453125 0.0140625 0.0328125
1 0.96015625 0.5453125 0.040625 0.03203125
1 0.88671875 0.53515625 0.0375 0.0375