0 0.925 0.25 0.14921875 0.271875
0 0.74765625 0.6703125 0.1234375 0.2828125
0 0.29453125 0.47890625 0.06640625 0.20234375
0 0.45 0.39765625 0.0296875 0.140625
0 0.45 0.51875 0.046875 0.0921875
0 0.3109375 0.68515625 0.08515625 0.19609375
0 0.54140625 0.60078125 0.06640625 0.03125
0 0.6328125 0.61875 0.04375 0.08828125
0 0.296875 0.3234375 0.1453125 0.10546875
0 0.09375 0.55625 0.1828125 0.13515625
0 0.23125 0.56640625 0.07578125 0.071875
0 0.99223076875 0.48913971875 0.9797901093749999 0.409297890625 0.8039065937500001 0.41684270625000003 0.8024725281249999 0.53127065 0.9224758234375001 0.5150210890625 0.99223076875 0.48913971875
1 0.974252746875 0.6026678390625 0.9511241765625 0.5702442875 0.8498626375 0.6027636203125 0.8470120874999999 0.6025852375 0.8595120875 0.6498172234374999 0.974252746875 0.6026678390625
0 0.5524813187500001 0.5765325125 0.5584131875 0.506246925 0.514958834375 0.5076245515625 0.5118824171874999 0.5789217921875001 0.5524813187500001 0.5765325125
0 0.4769923078125 0.6539499125 0.4838516484375 0.5954938484375 0.366165934375 0.5701616875 0.3703549453125 0.5737240765625 0.3558384609375 0.6286862921874999 0.4769923078125 0.6539499125
0 0.1959989015625 0.48714850624999995 0.20698791249999998 0.37147803125 0.1502923078125 0.37635237187500004 0.13200549374999998 0.363981546875 0.11303186875 0.483208259375 0.1959989015625 0.48714850624999995