1 0.315625 0.18359375 0.09453125 0.07265625
1 0.3828125 0.30859375 0.06796875 0.05
1 0.4109375 0.36328125 0.046875 0.03515625
1 0.6859375 0.1640625 0.1125 0.03828125
1 0.61796875 0.3078125 0.06328125 0.040625
1 0.58515625 0.359375 0.05 0.03046875
1 0.56875 0.39453125 0.03828125 0.03125
1 0.546875 0.44140625 0.0359375 0.05234375
1 0.434375 0.421875 0.06328125 0.07265625
1 0.815625 0.42890625 0.0359375 0.0375
1 0.73828125 0.4546875 0.0296875 0.03046875
1 0.93046875 0.46796875 0.015625 0.028125
1 0.9625 0.4734375 0.0171875 0.0296875
1 0.2828125 0.4765625 0.01796875 0.03125
1 0.23671875 0.4484375 0.02734375 0.03828125
1 0.16875 0.4265625 0.0203125 0.0359375
1 0.1109375 0.40703125 0.02265625 0.028125