2 0.39375 0.21640625 0.03984375 0.04140625
2 0.18984375 0.05390625 0.0484375 0.065625
2 0.0984375 0.2125 0.0390625 0.06015625
2 0.27421875 0.2953125 0.03515625 0.03828125
2 0.175 0.359375 0.02734375 0.0296875
0 0.17578125 0.2796875 0.05390625 0.05078125
2 0.51171875 0.3109375 0.02734375 0.03359375
2 0.5640625 0.390625 0.01875 0.02421875
2 0.5828125 0.3625 0.01328125 0.02109375
2 0.88046875 0.51171875 0.01953125 0.0265625
2 0.86875 0.46484375 0.02890625 0.03203125
2 0.91875 0.47734375 0.04765625 0.05234375
2 0.94140625 0.38828125 0.0328125 0.04921875
2 0.95234375 0.290625 0.03203125 0.0453125
2 0.9546875 0.1125 0.0703125 0.12890625
2 0.90546875 0.58671875 0.028125 0.03828125
2 0.859375 0.5875 0.03046875 0.02421875
2 0.72578125 0.47421875 0.040625 0.0375