2 0.3890625 0.359375 0.0203125 0.021875
1 0.84296875 0.42421875 0.31328125 0.04609375
0 0.84296875 0.32890625 0.3 0.10078125
0 0.53984375 0.42109375 0.0671875 0.0640625
0 0.534375 0.31953125 0.0953125 0.07890625
0 0.5140625 0.45859375 0.02734375 0.04921875
0 0.4640625 0.484375 0.05 0.0328125
0 0.428125 0.48125 0.03125 0.02421875
0 0.3859375 0.48671875 0.02890625 0.03671875
0 0.328125 0.296875 0.03671875 0.03828125
0 0.18515625 0.36796875 0.06015625 0.0640625
0 0.09296875 0.365625 0.05234375 0.0609375
2 0.296875 0.40234375 0.01875 0.021875
2 0.18359375 0.43984375 0.01953125 0.0203125