1 0.2453125 0.16796875 0.05234375 0.084375
2 0.5796875 0.03828125 0.0546875 0.0453125
2 0.30625 0.1234375 0.0265625 0.0359375
2 0.42890625 0.22578125 0.0203125 0.02421875
2 0.30703125 0.20390625 0.0171875 0.02578125
2 0.30625 0.246875 0.01640625 0.02421875
2 0.30546875 0.2796875 0.0171875 0.01953125
2 0.3046875 0.3078125 0.0265625 0.01953125
0 0.1484375 0.31484375 0.0421875 0.0453125
0 0.03046875 0.23671875 0.0609375 0.0546875
0 0.82109375 0.3140625 0.05 0.0515625
0 0.7578125 0.309375 0.07734375 0.075
0 0.6875 0.321875 0.04921875 0.0453125