0 0.9359375 0.71484375 0.128125 0.29140625
0 0.24375 0.66484375 0.1296875 0.25078125
0 0.06875 0.66484375 0.11875 0.13359375
0 0.09453125 0.5765625 0.1109375 0.08671875
0 0.053125 0.48203125 0.10625 0.0734375
0 0.0609375 0.2796875 0.121875 0.296875
0 0.2109375 0.2609375 0.12265625 0.3328125
0 0.3359375 0.2140625 0.1046875 0.171875
0 0.40078125 0.28359375 0.06796875 0.1734375
0 0.32734375 0.38046875 0.071875 0.16796875
0 0.38125 0.428125 0.05625 0.090625
0 0.4125 0.48828125 0.05625 0.08125
0 0.31171875 0.5078125 0.07578125 0.07109375
0 0.4359375 0.38125 0.05625 0.1046875
0 0.6484375 0.3296875 0.1125 0.13046875
0 0.81796875 0.34140625 0.11484375 0.1140625
1 0.909375 0.1140625 0.178125 0.22734375
0 0.86484375 0.47109375 0.2703125 0.0984375
0 0.66953125 0.44375 0.09296875 0.12421875
0 0.6625 0.5390625 0.06015625 0.08125
1 0.95 0.29453125 0.0484375 0.03515625