0 0.1796875 0.47421875 0.07421875 0.321875
0 0.26796875 0.203125 0.06328125 0.40625
0 0.33515625 0.56328125 0.06171875 0.30703125
0 0.271875 0.53671875 0.0703125 0.2359375
0 0.05703125 0.5765625 0.1140625 0.19609375
0 0.15625 0.66015625 0.07890625 0.16015625
0 0.22421875 0.67109375 0.04921875 0.134375
0 0.37578125 0.640625 0.05390625 0.1703125
0 0.3671875 0.75 0.07421875 0.05390625
0 0.35234375 0.89765625 0.02265625 0.140625
0 0.91171875 0.5140625 0.09453125 0.10859375
0 0.85546875 0.56015625 0.0375 0.1609375
0 0.790625 0.3265625 0.09453125 0.140625
1 0.70078125 0.16171875 0.0421875 0.13046875
0 0.71640625 0.41328125 0.03828125 0.19453125
0 0.69765625 0.465625 0.0359375 0.31328125
0 0.6734375 0.61796875 0.0359375 0.15078125
0 0.66328125 0.71875 0.02265625 0.03984375
0 0.6546875 0.76015625 0.0421875 0.028125
0 0.7015625 0.7328125 0.03515625 0.0734375
0 0.70546875 0.790625 0.02421875 0.02734375
0 0.60703125 0.71328125 0.02265625 0.08359375
0 0.58828125 0.6140625 0.0140625 0.05546875
0 0.58984375 0.6703125 0.015625 0.04921875
0 0.5890625 0.71953125 0.0140625 0.05
0 0.5484375 0.35546875 0.02421875 0.19609375
0 0.5734375 0.3765625 0.01640625 0.0671875
0 0.534375 0.4015625 0.01875 0.09921875
0 0.5453125 0.49765625 0.02421875 0.0796875
0 0.54921875 0.59921875 0.03515625 0.0953125
0 0.5296875 0.6703125 0.02578125 0.05390625
0 0.49453125 0.709375 0.03125 0.09140625
0 0.49609375 0.61328125 0.0421875 0.1109375
0 0.51328125 0.55390625 0.040625 0.134375
0 0.5109375 0.38125 0.025 0.09765625
0 0.4734375 0.2578125 0.02734375 0.059375
0 0.4546875 0.571875 0.04609375 0.26640625
0 0.403125 0.50546875 0.0203125 0.1390625
0 0.42734375 0.58515625 0.02890625 0.0515625
0 0.41484375 0.70390625 0.02109375 0.109375
0 0.43203125 0.76953125 0.05546875 0.059375
0 0.51953125 0.7796875 0.04296875 0.04609375
0 0.54375 0.75 0.02421875 0.0359375
0 0.3265625 0.30078125 0.0484375 0.07890625
0 0.359375 0.08984375 0.109375 0.1796875
0 0.6265625 0.56796875 0.02421875 0.0578125
0 0.64140625 0.6375 0.01796875 0.10703125
1 0.08984375 0.7203125 0.0078125 0.01796875
1 0.06875 0.7203125 0.0203125 0.028125
1 0.05390625 0.7171875 0.0203125 0.02421875
1 0.04296875 0.71484375 0.01640625 0.03203125
1 0.02109375 0.7125 0.0125 0.028125
1 0.03046875 0.7109375 0.0125 0.0296875
1 0.5265625 0.21875 0.040625 0.08984375