2 0.40546875 0.21796875 0.0375 0.06328125
2 0.415625 0.3921875 0.0234375 0.04609375
2 0.43984375 0.4015625 0.0140625 0.03828125
2 0.4015625 0.428125 0.01484375 0.0328125
2 0.415625 0.45 0.01875 0.034375
2 0.41796875 0.4671875 0.0171875 0.03203125
2 0.46953125 0.48515625 0.0203125 0.03828125
2 0.51953125 0.47890625 0.0234375 0.03984375
2 0.56875 0.471875 0.0234375 0.04375
2 0.62578125 0.46015625 0.01484375 0.0265625
2 0.7015625 0.45859375 0.01328125 0.025
2 0.71171875 0.4546875 0.009375 0.01875
2 0.76328125 0.46875 0.05390625 0.03828125
2 0.80234375 0.4640625 0.01328125 0.0234375
2 0.83515625 0.46484375 0.0421875 0.028125
2 0.88046875 0.465625 0.0125 0.0265625
2 0.8953125 0.4671875 0.01640625 0.03203125
2 0.909375 0.46796875 0.01328125 0.0328125
2 0.92265625 0.47109375 0.015625 0.02890625
2 0.94375 0.45703125 0.01796875 0.03046875
2 0.978125 0.453125 0.02421875 0.0359375