2 0.38203125 0.228125 0.065625 0.10234375
2 0.4984375 0.4671875 0.0359375 0.06328125
2 0.68125 0.53203125 0.03359375 0.04140625
2 0.546875 0.590625 0.0234375 0.04765625
2 0.35 0.49375 0.0296875 0.0453125
2 0.34140625 0.5828125 0.02578125 0.03984375
2 0.32578125 0.65703125 0.01875 0.028125
2 0.3609375 0.659375 0.021875 0.04296875
2 0.39296875 0.6625 0.0171875 0.03359375
2 0.42109375 0.66015625 0.01953125 0.03515625
2 0.5265625 0.675 0.01796875 0.0375
2 0.55 0.675 0.0203125 0.03203125
2 0.58359375 0.6703125 0.01953125 0.0515625
1 0.19765625 0.49140625 0.03125 0.06328125
1 0.04453125 0.63046875 0.06328125 0.0671875
1 0.128125 0.64140625 0.075 0.04296875
1 0.1765625 0.68828125 0.08046875 0.0515625
0 0.7890625 0.63125 0.08984375 0.06953125
1 0.97734375 0.70390625 0.02890625 0.05390625