2 0.65390625 0.09921875 0.025 0.0265625
2 0.66953125 0.2015625 0.0265625 0.021875
0 0.1109375 0.12421875 0.20859375 0.04296875
0 0.33984375 0.0921875 0.265625 0.05390625
0 0.54140625 0.0765625 0.10078125 0.0359375
0 0.64609375 0.08125 0.1078125 0.0484375
0 0.7640625 0.1078125 0.134375 0.0625
0 0.8375 0.0484375 0.03046875 0.075
0 0.83671875 0.1109375 0.025 0.071875
0 0.8296875 0.1734375 0.0265625 0.0640625
0 0.83359375 0.25546875 0.03203125 0.0890625
0 0.75703125 0.15703125 0.14140625 0.0609375
0 0.578125 0.15 0.2375 0.0390625
0 0.3296875 0.1703125 0.265625 0.04609375
0 0.1 0.1859375 0.18984375 0.0359375
0 0.409375 0.22890625 0.11640625 0.025
0 0.58984375 0.22421875 0.2171875 0.034375
0 0.75546875 0.2328125 0.14453125 0.04609375
0 0.80546875 0.25 0.03046875 0.078125
0 0.93515625 0.3015625 0.0265625 0.04453125
0 0.67734375 0.2796875 0.03203125 0.0765625
0 0.1765625 0.23984375 0.090625 0.02890625