0 0.6828125 0.165625 0.0625 0.3265625
0 0.71171875 0.40625 0.34453125 0.15390625
0 0.9546875 0.40078125 0.08828125 0.13046875
0 0.95625 0.22890625 0.0875 0.1609375
0 0.82421875 0.73203125 0.0984375 0.3125
0 0.75546875 0.80234375 0.07578125 0.1984375
0 0.65 0.71484375 0.0765625 0.22109375
0 0.55390625 0.18984375 0.05546875 0.18125
0 0.5546875 0.41484375 0.04921875 0.22890625
0 0.578125 0.6359375 0.01640625 0.109375
0 0.51484375 0.4421875 0.0359375 0.29375
0 0.503125 0.49453125 0.0359375 0.1921875
0 0.49296875 0.54140625 0.028125 0.1453125
0 0.51171875 0.59375 0.0125 0.02734375
0 0.584375 0.5171875 0.01171875 0.046875
0 0.41328125 0.5375 0.02421875 0.12421875
0 0.453125 0.5296875 0.07109375 0.04296875
0 0.45546875 0.61171875 0.040625 0.02734375
0 0.38671875 0.4546875 0.01953125 0.02890625
0 0.384375 0.47890625 0.0328125 0.05625
0 0.38359375 0.5375 0.03828125 0.04609375
0 0.38359375 0.5703125 0.040625 0.0375
0 0.38125 0.60546875 0.0375 0.0484375
0 0.3640625 0.6140625 0.0203125 0.02578125
0 0.3390625 0.63046875 0.02421875 0.071875
0 0.35859375 0.659375 0.025 0.0578125
0 0.32265625 0.5984375 0.03359375 0.0546875
0 0.34921875 0.51875 0.02421875 0.15390625
0 0.3265625 0.25390625 0.04609375 0.1421875
0 0.296875 0.28125 0.01640625 0.0875
0 0.303125 0.17421875 0.01640625 0.01171875
0 0.25234375 0.13359375 0.05703125 0.109375
0 0.2640625 0.30546875 0.053125 0.2453125
0 0.31796875 0.45 0.03359375 0.24140625
0 0.2953125 0.46484375 0.025 0.0703125
0 0.1828125 0.29609375 0.08046875 0.41953125
1 0.2734375 0.5109375 0.04609375 0.0734375
1 0.23203125 0.58671875 0.02890625 0.0421875
1 0.0921875 0.4203125 0.02421875 0.02578125
1 0.73828125 0.59921875 0.0890625 0.03125
0 0.3140625 0.69375 0.0453125 0.1046875
0 0.51796875 0.7234375 0.0453125 0.10703125