2 0.83515625 0.59453125 0.05078125 0.08671875
2 0.234375 0.60546875 0.0390625 0.0671875
2 0.1328125 0.5765625 0.040625 0.04921875
1 0.21484375 0.2234375 0.053125 0.028125
1 0.228125 0.28125 0.0265625 0.025
1 0.26875 0.3171875 0.03515625 0.025
1 0.23046875 0.3578125 0.07734375 0.0296875
1 0.265625 0.39609375 0.03671875 0.01953125
1 0.30234375 0.42421875 0.0328125 0.0171875
1 0.35703125 0.43671875 0.0390625 0.01953125
1 0.33828125 0.45546875 0.02578125 0.02265625
1 0.45546875 0.3234375 0.0265625 0.0171875
1 0.38125 0.30390625 0.04375 0.03203125
1 0.3890625 0.32734375 0.01484375 0.0171875
1 0.39375 0.3515625 0.0171875 0.015625
1 0.4515625 0.390625 0.02421875 0.0703125
1 0.3609375 0.3375 0.0171875 0.02109375
1 0.51953125 0.36171875 0.04609375 0.0265625
1 0.4734375 0.32890625 0.0265625 0.02265625
1 0.50078125 0.46015625 0.07890625 0.0296875
1 0.50390625 0.42734375 0.021875 0.0296875
1 0.48125 0.37265625 0.02109375 0.02421875
1 0.503125 0.50390625 0.06015625 0.0296875
1 0.50234375 0.48203125 0.0171875 0.0171875
1 0.53828125 0.6265625 0.0125 0.02265625