0 0.20703125 0.1265625 0.13984375 0.24453125
0 0.31015625 0.1203125 0.08046875 0.1625
0 0.32421875 0.29609375 0.07578125 0.1671875
0 0.21796875 0.3625 0.1328125 0.21328125
0 0.33359375 0.43046875 0.07109375 0.0921875
0 0.28828125 0.509375 0.09609375 0.0515625
0 0.20859375 0.540625 0.06875 0.07734375
0 0.21796875 0.6109375 0.0546875 0.06796875
0 0.09609375 0.67578125 0.1328125 0.271875
0 0.66015625 0.80859375 0.24296875 0.27890625
0 0.87265625 0.64609375 0.078125 0.4171875
0 0.8640625 0.1984375 0.22421875 0.37421875
0 0.7625 0.271875 0.128125 0.23046875
0 0.553125 0.2890625 0.171875 0.2765625
0 0.51640625 0.39921875 0.09375 0.15703125
0 0.45 0.32265625 0.06171875 0.0765625
0 0.61484375 0.57265625 0.12578125 0.1671875
0 0.52109375 0.53359375 0.06171875 0.07734375
0 0.525 0.6046875 0.0546875 0.06796875
0 0.43984375 0.59765625 0.04140625 0.06171875
0 0.47734375 0.578125 0.07109375 0.06875
1 0.66328125 0.46171875 0.06171875 0.04921875
1 0.63203125 0.490625 0.0640625 0.04296875
1 0.40859375 0.52265625 0.025 0.01015625
1 0.390625 0.53125 0.025 0.02265625