2 0.4703125 0.15546875 0.03203125 0.06796875
2 0.7109375 0.10234375 0.05546875 0.08671875
2 0.7515625 0.19453125 0.04296875 0.08125
2 0.859375 0.59765625 0.01796875 0.02890625
0 0.40234375 0.203125 0.128125 0.13984375
0 0.3953125 0.28203125 0.1546875 0.14453125
0 0.3984375 0.378125 0.159375 0.128125
0 0.378125 0.48515625 0.12421875 0.0890625
1 0.32890625 0.55625 0.1203125 0.0796875
0 0.3828125 0.63984375 0.125 0.07734375
0 0.6046875 0.5 0.0453125 0.053125
0 0.615625 0.58359375 0.04453125 0.04140625
0 0.55078125 0.44921875 0.0203125 0.05546875
0 0.55859375 0.5125 0.02265625 0.0703125
0 0.5671875 0.58671875 0.0296875 0.06953125
0 0.57578125 0.67734375 0.03515625 0.090625
0 0.09609375 0.28046875 0.18203125 0.16640625
1 0.1171875 0.4359375 0.021875 0.02421875
1 0.08046875 0.45859375 0.01875 0.03125
1 0.08359375 0.4921875 0.01171875 0.028125
1 0.03671875 0.49140625 0.01875 0.02890625
0 0.06484375 0.565625 0.1296875 0.08359375
0 0.0328125 0.77265625 0.065625 0.0984375
0 0.32109375 0.8203125 0.08984375 0.03359375
0 0.25 0.971875 0.1625 0.05546875
1 0.44375 0.79921875 0.01328125 0.01953125
1 0.4625 0.8015625 0.0125 0.021875
1 0.4828125 0.80234375 0.0125 0.0265625
1 0.5015625 0.80234375 0.01171875 0.02421875
1 0.51953125 0.809375 0.01640625 0.028125
1 0.53671875 0.80703125 0.009375 0.01875
1 0.290625 0.70078125 0.01953125 0.03125
1 0.3078125 0.67578125 0.01875 0.034375
1 0.3265625 0.70625 0.01484375 0.034375
1 0.3578125 0.70625 0.015625 0.02578125
1 0.3890625 0.70390625 0.01015625 0.02421875
1 0.365625 0.684375 0.01171875 0.02421875
1 0.4296875 0.721875 0.0140625 0.03125
1 0.4546875 0.7203125 0.01171875 0.02890625
1 0.4765625 0.72421875 0.0171875 0.034375
1 0.496875 0.72578125 0.0140625 0.02578125
0 0.62578125 0.67265625 0.06484375 0.053125
0 0.61484375 0.7921875 0.03359375 0.05703125
0 0.6640625 0.79140625 0.040625 0.03828125
1 0.66953125 0.8234375 0.028125 0.03125
1 0.625 0.83671875 0.02265625 0.0234375
0 0.5625 0.809375 0.028125 0.04609375
0 0.69765625 0.6171875 0.03359375 0.04296875
1 0.72890625 0.83046875 0.01015625 0.01953125
1 0.73828125 0.825 0.0109375 0.01953125
0 0.75078125 0.796875 0.02265625 0.01953125
0 0.71640625 0.70390625 0.04609375 0.040625
0 0.73203125 0.6390625 0.01640625 0.03203125
0 0.74140625 0.6734375 0.01640625 0.03671875
0 0.7484375 0.7109375 0.015625 0.03828125
0 0.778125 0.63984375 0.01875 0.040625
0 0.78671875 0.6703125 0.01796875 0.0390625
0 0.79140625 0.69765625 0.01640625 0.028125
0 0.80234375 0.7234375 0.01796875 0.0390625
0 0.8125 0.76015625 0.015625 0.03828125
0 0.775 0.71953125 0.040625 0.03125
0 0.76015625 0.6578125 0.021875 0.021875
0 0.75390625 0.68359375 0.0125 0.03125
0 0.7734375 0.7890625 0.02578125 0.01875