2 0.89140625 0.3484375 0.04609375 0.08671875
2 0.34375 0.51015625 0.03671875 0.05625
2 0.77734375 0.50625 0.03828125 0.053125
2 0.5546875 0.59453125 0.0234375 0.0359375
2 0.49765625 0.56484375 0.03046875 0.03984375
2 0.8296875 0.6234375 0.04140625 0.03984375
2 0.96875 0.61171875 0.0328125 0.04296875
2 0.74921875 0.56640625 0.02734375 0.03203125
2 0.74375 0.58125 0.025 0.0375
2 0.7203125 0.6078125 0.0203125 0.028125
2 0.71875 0.628125 0.025 0.03359375
2 0.59296875 0.60546875 0.0171875 0.03046875
2 0.62734375 0.6171875 0.01875 0.0296875
2 0.671875 0.63046875 0.06796875 0.0375